0 0.48571958456973297 0.8367952522255193 0.5324554896142434 0.8367952522255193 0.5324554896142434 1.0 0.48571958456973297 1.0
1 0.5908753709198813 0.45103857566765576 0.6242581602373887 0.45103857566765576 0.6242581602373887 0.6083086053412463 0.5908753709198813 0.6083086053412463
0 0.6876854599406529 0.42433234421364985 0.7160608308605341 0.42433234421364985 0.7160608308605341 0.5667655786350149 0.6876854599406529 0.5667655786350149
0 0.6175816023738873 0.4065281899109792 0.6442878338278931 0.4065281899109792 0.6442878338278931 0.5608308605341247 0.6175816023738873 0.5608308605341247
0 0.47570474777448074 0.38278931750741835 0.49573442136498513 0.38278931750741835 0.49573442136498513 0.5074183976261126 0.47570474777448074 0.5074183976261126
0 0.5024109792284867 0.3798219584569733 0.5257789317507419 0.3798219584569733 0.5257789317507419 0.5014836795252225 0.5024109792284867 0.5014836795252225
0 0.5257789317507419 0.3857566765578635 0.5491468842729971 0.3857566765578635 0.5491468842729971 0.5133531157270029 0.5257789317507419 0.5133531157270029
1 0.021698813056379822 0.7359050445103859 0.050074183976261136 0.7359050445103859 0.050074183976261136 0.881305637982196 0.021698813056379822 0.881305637982196
1 0.31880563798219586 0.7566765578635015 0.36053412462908013 0.7566765578635015 0.36053412462908013 0.9109792284866469 0.31880563798219586 0.9109792284866469
1 0.7744807121661721 0.9376854599406528 0.8162091988130564 0.9376854599406528 0.8162091988130564 1.0 0.7744807121661721 1.0
