0 0.04629629552364349 0.0189393934878436 0.08333333134651184 0.0378787869756872
0 0.046296292543411256 0.035774409770965576 0.0277777761220932 0.07154881954193115
0 0.06018518209457398 0.035774409770965576 0.037037035822868346 0.07154881954193115
0 0.06944444179534912 0.02735690095207908 0.03703703880310059 0.05471380190415816
0 0.15740740299224854 0.02735690095207908 0.08333332538604736 0.05471380190415816
0 0.21296296119689942 0.02735690095207908 0.10185184478759765 0.05471380190415816
0 0.1574074149131775 0.0189393934878436 0.2314814805984497 0.0378787869756872
0 0.24537036418914795 0.0189393934878436 0.12962961196899414 0.0378787869756872
0 0.25462961196899414 0.0189393934878436 0.12962963581085205 0.0378787869756872
0 0.3564814567565918 0.0189393934878436 0.09259259700775146 0.0378787869756872
0 0.3379629611968994 0.0189393934878436 0.03703703880310059 0.0378787869756872
0 0.3518518447875977 0.0189393934878436 0.027777767181396483 0.0378787869756872
0 0.36111111640930177 0.0189393934878436 0.027777791023254395 0.0378787869756872
0 0.3703703641891479 0.0189393934878436 0.027777767181396483 0.0378787869756872
0 0.38888888359069823 0.0189393934878436 0.046296310424804685 0.0378787869756872
0 0.3981481552124023 0.02735690095207908 0.046296310424804685 0.05471380190415816
0 0.4074073791503906 0.02735690095207908 0.04629628658294678 0.05471380190415816
0 0.4120370388031006 0.02735690095207908 0.05555555820465088 0.05471380190415816
0 0.430555534362793 0.02735690095207908 0.03703703880310059 0.05471380190415816
0 0.43981480598449707 0.035774409770965576 0.037036991119384764 0.07154881954193115
0 0.4537036895751953 0.035774409770965576 0.027777767181396483 0.07154881954193115
0 0.4675926208496094 0.035774409770965576 0.03703703880310059 0.07154881954193115
0 0.4814814567565918 0.02735690095207908 0.027777767181396483 0.05471380190415816
0 0.4907407283782959 0.0189393934878436 0.027777767181396483 0.0378787869756872
0 0.5046296119689941 0.035774409770965576 0.03703703880310059 0.07154881954193115
0 0.5092592239379883 0.02735690095207908 0.027777814865112306 0.05471380190415816
0 0.5185184955596924 0.02735690095207908 0.027777767181396483 0.05471380190415816
0 0.5277777671813965 0.02735690095207908 0.027777767181396483 0.05471380190415816
0 0.5370370388031006 0.02735690095207908 0.027777767181396483 0.05471380190415816
0 0.5462963104248046 0.0189393934878436 0.027777814865112306 0.0378787869756872
0 0.5509259223937988 0.02735690095207908 0.03703703880310059 0.05471380190415816
0 0.5601851463317871 0.02735690095207908 0.03703703880310059 0.05471380190415816
0 0.611111068725586 0.0189393934878436 0.08333334922790528 0.0378787869756872
0 0.6296296119689941 0.0189393934878436 0.027777767181396483 0.0378787869756872
0 0.6342592239379883 0.02735690095207908 0.03703703880310059 0.05471380190415816
0 0.6388888835906983 0.02735690095207908 0.027777767181396483 0.05471380190415816
0 0.6481481552124023 0.02735690095207908 0.027777767181396483 0.05471380190415816
0 0.6574073791503906 0.02735690095207908 0.027777767181396483 0.05471380190415816
0 0.6666666507720947 0.02735690095207908 0.027777767181396483 0.05471380190415816
0 0.6759259223937988 0.02735690095207908 0.027777767181396483 0.05471380190415816
0 0.6851851463317871 0.02735690095207908 0.027777814865112306 0.05471380190415816
0 0.6944444179534912 0.02735690095207908 0.027777767181396483 0.05471380190415816
0 0.7037036895751954 0.02735690095207908 0.046296310424804685 0.05471380190415816
0 0.7129629135131836 0.02735690095207908 0.06481480598449707 0.05471380190415816
0 0.7268518447875977 0.02735690095207908 0.055555534362792966 0.05471380190415816
0 0.75 0.035774409770965576 0.027777767181396483 0.07154881954193115
0 0.75 0.02735690095207908 0.027777767181396483 0.05471380190415816
0 0.7592592239379883 0.02735690095207908 0.027777814865112306 0.05471380190415816
0 0.7685184955596924 0.02735690095207908 0.027777767181396483 0.05471380190415816
0 0.7777777671813965 0.0189393934878436 0.027777767181396483 0.0378787869756872
0 0.7870370388031006 0.02735690095207908 0.027777767181396483 0.05471380190415816
0 0.7962962627410889 0.02735690095207908 0.027777767181396483 0.05471380190415816
0 0.8055555343627929 0.02735690095207908 0.027777814865112306 0.05471380190415816
0 0.8148147583007812 0.02735690095207908 0.027777767181396483 0.05471380190415816
0 0.8240739822387695 0.02735690095207908 0.027777767181396483 0.05471380190415816
0 0.861111068725586 0.02735690095207908 0.0648148536682129 0.05471380190415816
0 0.875 0.02735690095207908 0.055555534362792966 0.05471380190415816
0 0.9074073791503906 0.02735690095207908 0.027777767181396483 0.05471380190415816
0 0.9166666030883789 0.02735690095207908 0.027777767181396483 0.05471380190415816
0 0.9212963104248046 0.02735690095207908 0.037036991119384764 0.05471380190415816
0 0.9259259223937988 0.02735690095207908 0.046296310424804685 0.05471380190415816
0 0.9351851463317871 0.02735690095207908 0.046296310424804685 0.05471380190415816
0 0.9444444656372071 0.02735690095207908 0.046296310424804685 0.05471380190415816
0 0.9537036895751954 0.02735690095207908 0.046296310424804685 0.05471380190415816
0 0.9722222328186035 0.02735690095207908 0.046296310424804685 0.05471380190415816
0 0.04398148059844971 0.02735690095207908 0.08796296119689942 0.05471380190415816
0 0.03240740597248078 0.02735690095207908 0.0555555522441864 0.05471380190415816
0 0.037037035822868346 0.02735690095207908 0.027777773141860963 0.05471380190415816
0 0.07407407164573669 0.035774409770965576 0.02777777910232544 0.07154881954193115
0 0.08333333134651184 0.02735690095207908 0.02777777910232544 0.05471380190415816
0 0.13888888359069823 0.02735690095207908 0.10185184478759765 0.05471380190415816
0 0.11111111640930176 0.02735690095207908 0.06481481790542602 0.05471380190415816
0 0.15277777910232543 0.0189393934878436 0.12962963581085205 0.0378787869756872
0 0.18518519401550293 0.02735690095207908 0.10185185670852662 0.05471380190415816
0 0.17129628658294677 0.02735690095207908 0.03703702688217163 0.05471380190415816
0 0.23611111640930177 0.010521885346282612 0.09259259700775146 0.021043770692565224
0 0.24537036418914795 0.012626261873678728 0.09259258508682251 0.016835016283121975
0 0.25462961196899414 0.010521885346282612 0.09259259700775146 0.021043770692565224
0 0.2870370388031006 0.010521885346282612 0.12037036418914795 0.021043770692565224
0 0.30092592239379884 0.02735690095207908 0.09259257316589356 0.05471380190415816
0 0.31018519401550293 0.010521885346282612 0.09259259700775146 0.021043770692565224
0 0.32407407760620116 0.02735690095207908 0.10185184478759765 0.05471380190415816
0 0.3472222089767456 0.02735690095207908 0.11111111640930176 0.05471380190415816
0 0.3657407283782959 0.02735690095207908 0.09259259700775146 0.05471380190415816
0 0.3333333253860474 0.02735690095207908 0.027777767181396483 0.05471380190415816
0 0.34722223281860354 0.0189393934878436 0.018518519401550294 0.0378787869756872
0 0.37962961196899414 0.0189393934878436 0.027777791023254395 0.0378787869756872
0 0.38888888359069823 0.0189393934878436 0.027777767181396483 0.0378787869756872
0 0.3981481552124023 0.0189393934878436 0.027777791023254395 0.0378787869756872
0 0.40740742683410647 0.0189393934878436 0.027777791023254395 0.0378787869756872
0 0.41666665077209475 0.02735690095207908 0.027777767181396483 0.05471380190415816
0 0.42592592239379884 0.02735690095207908 0.027777767181396483 0.05471380190415816
0 0.4768518447875977 0.035774409770965576 0.03703703880310059 0.07154881954193115
0 0.49537038803100586 0.02735690095207908 0.018518495559692382 0.05471380190415816
0 0.5324073791503906 0.035774409770965576 0.03703703880310059 0.07154881954193115
0 0.5509259223937988 0.035774409770965576 0.03703703880310059 0.07154881954193115
0 0.5648148059844971 0.035774409770965576 0.027777767181396483 0.07154881954193115
0 0.5925926208496094 0.02735690095207908 0.06481480598449707 0.05471380190415816
0 0.625 0.02735690095207908 0.11111111640930176 0.05471380190415816
0 0.6296296119689941 0.010521885346282612 0.08333330154418946 0.021043770692565224
0 0.6203703880310059 0.010521885346282612 0.027777814865112306 0.021043770692565224
0 0.6296296119689941 0.010521885346282612 0.027777767181396483 0.021043770692565224
0 0.6388888835906983 0.010521885346282612 0.027777767181396483 0.021043770692565224
0 0.6527777671813965 0.06944444504651157 0.037036991119384764 0.13888889009302313
0 0.6620369911193847 0.06944444504651157 0.03703703880310059 0.13888889009302313
0 0.6666666507720947 0.044191918589852074 0.027777767181396483 0.08838383717970415
0 0.6851851463317871 0.06102693622762507 0.027777814865112306 0.12205387245525014
0 0.7037036895751954 0.0189393934878436 0.027777767181396483 0.0378787869756872
0 0.7222222328186035 0.044191918589852074 0.04629626274108887 0.08838383717970415
0 0.7407407283782959 0.044191918589852074 0.027777767181396483 0.08838383717970415
0 0.7592592239379883 0.035774409770965576 0.027777814865112306 0.07154881954193115
0 0.7685184955596924 0.035774409770965576 0.027777767181396483 0.07154881954193115
0 0.7777777671813965 0.035774409770965576 0.027777767181396483 0.07154881954193115
0 0.7870370388031006 0.035774409770965576 0.027777767181396483 0.07154881954193115
0 0.8009259223937988 0.035774409770965576 0.037037086486816403 0.07154881954193115
0 0.8148147583007812 0.035774409770965576 0.027777767181396483 0.07154881954193115
0 0.8240740776062012 0.02735690095207908 0.046296310424804685 0.05471380190415816
0 0.8425926208496094 0.02735690095207908 0.0648148536682129 0.05471380190415816
0 0.8796296119689941 0.02735690095207908 0.027777862548828126 0.05471380190415816
0 0.888888931274414 0.02735690095207908 0.027777767181396483 0.05471380190415816
0 0.8981481552124023 0.035774409770965576 0.027777767181396483 0.07154881954193115
0 0.9166666030883789 0.035774409770965576 0.027777767181396483 0.07154881954193115
0 0.9259258270263672 0.035774409770965576 0.027777767181396483 0.07154881954193115
0 0.9351852416992188 0.035774409770965576 0.027777767181396483 0.07154881954193115
0 0.9444444656372071 0.035774409770965576 0.027777767181396483 0.07154881954193115
0 0.9490740776062012 0.035774409770965576 0.055555534362792966 0.07154881954193115
0 0.9583333015441895 0.02735690095207908 0.055555534362792966 0.05471380190415816
0 0.9675926208496094 0.035774409770965576 0.05555562973022461 0.07154881954193115
0 0.050925922393798825 0.035774409770965576 0.09259259104728698 0.07154881954193115
0 0.04166666567325592 0.05260942740873857 0.03703703284263611 0.10521885481747714
0 0.050925922393798825 0.035774409770965576 0.018518516421318056 0.07154881954193115
0 0.06481481194496155 0.044191918589852074 0.02777777910232544 0.08838383717970415
0 0.08333333134651184 0.035774409770965576 0.02777777910232544 0.07154881954193115
0 0.09722222089767456 0.035774409770965576 0.018518519401550294 0.07154881954193115
0 0.11111111640930176 0.035774409770965576 0.02777777910232544 0.07154881954193115
0 0.12037036418914795 0.035774409770965576 0.02777777910232544 0.07154881954193115
0 0.12962963581085205 0.035774409770965576 0.02777777910232544 0.07154881954193115
0 0.13425925970077515 0.044191918589852074 0.018518519401550294 0.08838383717970415
0 0.14814815521240235 0.044191918589852074 0.009259259700775147 0.08838383717970415
0 0.15277777910232543 0.035774409770965576 0.03703703880310059 0.07154881954193115
0 0.16666667461395263 0.0378787869756872 0.02777777910232544 0.0673400651324879
0 0.17592592239379884 0.035774409770965576 0.027777767181396483 0.07154881954193115
0 0.2222222328186035 0.035774409770965576 0.12037036418914795 0.07154881954193115
0 0.19444444179534912 0.035774409770965576 0.027777767181396483 0.07154881954193115
0 0.19907406568527222 0.035774409770965576 0.018518519401550294 0.07154881954193115
0 0.21759257316589356 0.035774409770965576 0.018518519401550294 0.07154881954193115
0 0.22685184478759765 0.029461278156800705 0.018518519401550294 0.05050504749471491
0 0.2731481552124023 0.035774409770965576 0.09259259700775146 0.07154881954193115
0 0.28240740299224854 0.029461278156800705 0.09259257316589356 0.05050504749471491
0 0.26388888359069823 0.02735690095207908 0.018518519401550294 0.05471380190415816
0 0.2731481552124023 0.035774409770965576 0.018518519401550294 0.07154881954193115
0 0.27777776718139646 0.035774409770965576 0.027777767181396483 0.07154881954193115
0 0.2870370388031006 0.035774409770965576 0.027777767181396483 0.07154881954193115
0 0.29629628658294677 0.035774409770965576 0.027777767181396483 0.07154881954193115
0 0.305555534362793 0.035774409770965576 0.027777791023254395 0.07154881954193115
0 0.3194444179534912 0.035774409770965576 0.018518519401550294 0.07154881954193115
0 0.375 0.035774409770965576 0.07407407760620117 0.07154881954193115
0 0.3518518447875977 0.035774409770965576 0.027777767181396483 0.07154881954193115
0 0.3564814567565918 0.035774409770965576 0.018518519401550294 0.07154881954193115
0 0.3657407283782959 0.035774409770965576 0.018518519401550294 0.07154881954193115
0 0.3657407283782959 0.035774409770965576 0.03703703880310059 0.07154881954193115
0 0.375 0.035774409770965576 0.03703703880310059 0.07154881954193115
0 0.41666665077209475 0.035774409770965576 0.10185184478759765 0.07154881954193115
0 0.40740742683410647 0.02735690095207908 0.027777791023254395 0.05471380190415816
0 0.42592592239379884 0.044191918589852074 0.046296310424804685 0.08838383717970415
0 0.4351851463317871 0.06944444504651157 0.04629626274108887 0.13888889009302313
0 0.44907407760620116 0.06944444504651157 0.03703703880310059 0.13888889009302313
0 0.45833330154418944 0.06944444504651157 0.03703703880310059 0.13888889009302313
0 0.47222223281860354 0.035774409770965576 0.027777814865112306 0.07154881954193115
0 0.4814814567565918 0.035774409770965576 0.027777767181396483 0.07154881954193115
0 0.5 0.06944444504651157 0.027777767181396483 0.13888889009302313
0 0.5138888359069824 0.035774409770965576 0.03703703880310059 0.07154881954193115
0 0.5231481552124023 0.06944444504651157 0.03703703880310059 0.13888889009302313
0 0.5370370388031006 0.044191918589852074 0.046296310424804685 0.08838383717970415
0 0.5462963104248046 0.044191918589852074 0.04629626274108887 0.08838383717970415
0 0.5740740776062012 0.035774409770965576 0.046296310424804685 0.07154881954193115
0 0.5925925731658935 0.02735690095207908 0.027777767181396483 0.05471380190415816
0 0.6018518447875977 0.02735690095207908 0.027777767181396483 0.05471380190415816
0 0.6111111164093017 0.02735690095207908 0.027777767181396483 0.05471380190415816
0 0.6203703880310059 0.02735690095207908 0.027777814865112306 0.05471380190415816
0 0.6435185432434082 0.06102693622762507 0.03703703880310059 0.12205387245525014
0 0.6712963104248046 0.06944444504651157 0.03703703880310059 0.13888889009302313
0 0.6805555343627929 0.06944444504651157 0.03703703880310059 0.13888889009302313
0 0.6898148059844971 0.06944444504651157 0.055555534362792966 0.13888889009302313
0 0.6898147583007812 0.06944444504651157 0.03703703880310059 0.13888889009302313
0 0.7083333015441895 0.035774409770965576 0.03703703880310059 0.07154881954193115
0 0.7314814567565918 0.044191918589852074 0.027777767181396483 0.08838383717970415
0 0.7777777671813965 0.06102693622762507 0.046296310424804685 0.12205387245525014
0 0.7870369911193847 0.06102693622762507 0.04629626274108887 0.12205387245525014
0 0.8703703880310059 0.035774409770965576 0.10185184478759765 0.07154881954193115
0 0.8935184478759766 0.035774409770965576 0.09259252548217774 0.07154881954193115
0 0.8564814567565918 0.02735690095207908 0.09259262084960937 0.05471380190415816
0 0.8796296119689941 0.035774409770965576 0.027777862548828126 0.07154881954193115
0 0.888888931274414 0.035774409770965576 0.027777767181396483 0.07154881954193115
0 0.8981481552124023 0.035774409770965576 0.046296310424804685 0.07154881954193115
0 0.9351851463317871 0.044191918589852074 0.046296310424804685 0.08838383717970415
0 0.9583333015441895 0.035774409770965576 0.037037086486816403 0.07154881954193115
0 0.9768518447875977 0.035774409770965576 0.037037086486816403 0.07154881954193115
0 0.9884259223937988 0.035774409770965576 0.023148155212402342 0.07154881954193115
0 0.04398148059844971 0.044191918589852074 0.08796296119689942 0.08838383717970415
0 0.050925922393798825 0.05471380190415816 0.09259259104728698 0.0673400651324879
0 0.037037035822868346 0.07786195386539806 0.046296292543411256 0.1557239077307961
0 0.046296292543411256 0.08627945726568048 0.0277777761220932 0.17255891453136096
0 0.046296292543411256 0.08627945726568048 0.0277777761220932 0.17255891453136096
0 0.06018518209457398 0.08627945726568048 0.037037035822868346 0.17255891453136096
0 0.07407407164573669 0.08838383176110008 0.02777777910232544 0.1683501655405218
0 0.08333333134651184 0.07996632836081764 0.02777777910232544 0.15151515873995694
0 0.10185184478759765 0.07154881954193115 0.02777777910232544 0.13468014110218396
0 0.11574074029922485 0.06313131072304466 0.018518519401550294 0.11784512346441095
0 0.125 0.06313131072304466 0.018518519401550294 0.11784512346441095
0 0.13425925970077515 0.07154881954193115 0.018518519401550294 0.10101010582663796
0 0.1435185194015503 0.08838383717970415 0.018518519401550294 0.10101010582663796
0 0.15740740299224854 0.06313131072304466 0.02777777910232544 0.0841750827702609
0 0.16203703880310058 0.07154881954193115 0.03703703880310059 0.13468014110218396
0 0.17592592239379884 0.07786195386539806 0.027777767181396483 0.1557239077307961
0 0.17592592239379884 0.15361952781677246 0.027777767181396483 0.3072390556335449
0 0.18981480598449707 0.15361952781677246 0.03703702688217163 0.3072390556335449
0 0.2037036895751953 0.07996632836081764 0.027777791023254395 0.15151515873995694
0 0.21296296119689942 0.07154881954193115 0.02777777910232544 0.13468014110218396
0 0.2222222328186035 0.07154881954193115 0.027777791023254395 0.13468014110218396
0 0.2407407283782959 0.04629629308527166 0.027777791023254395 0.0841750827702609
0 0.25 0.07786195386539806 0.027777767181396483 0.1557239077307961
0 0.2314814805984497 0.029461278156800705 0.06481481790542602 0.05050504749471491
0 0.26388888359069823 0.07996632836081764 0.018518519401550294 0.15151515873995694
0 0.2731481552124023 0.04629629308527166 0.018518519401550294 0.0841750827702609
0 0.28240740299224854 0.07996632836081764 0.03703703880310059 0.15151515873995694
0 0.30092592239379884 0.05471380190415816 0.018518519401550294 0.10101010582663796
0 0.31018519401550293 0.05260942740873857 0.018518519401550294 0.10521885481747714
0 0.32407407760620116 0.06944444504651157 0.027777791023254395 0.13888889009302313
0 0.34259257316589353 0.06944444504651157 0.027777791023254395 0.13888889009302313
0 0.3518518447875977 0.15361952781677246 0.027777767181396483 0.3072390556335449
0 0.3564814567565918 0.15361952781677246 0.018518519401550294 0.3072390556335449
0 0.3657407283782959 0.15361952781677246 0.018518519401550294 0.3072390556335449
0 0.375 0.15361952781677246 0.018518519401550294 0.3072390556335449
0 0.38888888359069823 0.15361952781677246 0.027777767181396483 0.3072390556335449
0 0.40277776718139646 0.15361952781677246 0.0370370626449585 0.3072390556335449
0 0.4120370388031006 0.029461278156800705 0.018518543243408202 0.05050504749471491
0 0.4212963104248047 0.07996632836081764 0.018518495559692382 0.15151515873995694
0 0.430555534362793 0.07786195386539806 0.018518495559692382 0.1557239077307961
0 0.43981480598449707 0.15361952781677246 0.055555534362792966 0.3072390556335449
0 0.4537036895751953 0.15361952781677246 0.046296310424804685 0.3072390556335449
0 0.4629629611968994 0.15361952781677246 0.046296310424804685 0.3072390556335449
0 0.47222223281860354 0.15361952781677246 0.04629626274108887 0.3072390556335449
0 0.4814814567565918 0.15361952781677246 0.046296310424804685 0.3072390556335449
0 0.5 0.15361952781677246 0.046296310424804685 0.3072390556335449
0 0.5046296119689941 0.15361952781677246 0.018518543243408202 0.3072390556335449
0 0.4907407283782959 0.15361952781677246 0.10185184478759765 0.3072390556335449
0 0.5092592239379883 0.07786195386539806 0.10185189247131347 0.1557239077307961
0 0.5555555343627929 0.07786195386539806 0.027777767181396483 0.1557239077307961
0 0.5648148059844971 0.15361952781677246 0.027777767181396483 0.3072390556335449
0 0.5324073791503906 0.15361952781677246 0.09259257316589356 0.3072390556335449
0 0.5462963104248046 0.15361952781677246 0.10185189247131347 0.3072390556335449
0 0.6064814567565918 0.15361952781677246 0.03703703880310059 0.3072390556335449
0 0.6203703880310059 0.15361952781677246 0.027777814865112306 0.3072390556335449
0 0.625 0.15361952781677246 0.055555534362792966 0.3072390556335449
0 0.6388888835906983 0.15361952781677246 0.046296310424804685 0.3072390556335449
0 0.6481481552124023 0.15361952781677246 0.04629626274108887 0.3072390556335449
0 0.6574073791503906 0.15361952781677246 0.04629626274108887 0.3072390556335449
0 0.6712963104248046 0.15361952781677246 0.05555558204650879 0.3072390556335449
0 0.6805555343627929 0.15361952781677246 0.03703703880310059 0.3072390556335449
0 0.6898147583007812 0.15361952781677246 0.03703703880310059 0.3072390556335449
0 0.7037036895751954 0.15361952781677246 0.046296310424804685 0.3072390556335449
0 0.7083333015441895 0.08627945726568048 0.05555558204650879 0.17255891453136096
0 0.7314814567565918 0.08627945726568048 0.06481480598449707 0.17255891453136096
0 0.736111068725586 0.08627945726568048 0.05555558204650879 0.17255891453136096
0 0.75 0.14520201899788596 0.046296310424804685 0.2904040379957719
0 0.7592592239379883 0.14520201899788596 0.04629626274108887 0.2904040379957719
0 0.7685184955596924 0.08627945726568048 0.046296310424804685 0.17255891453136096
0 0.7777777671813965 0.09469696608456699 0.046296310424804685 0.18939393216913397
0 0.8009259223937988 0.08627945726568048 0.055555534362792966 0.17255891453136096
0 0.8240740776062012 0.08627945726568048 0.06481480598449707 0.17255891453136096
0 0.8564814567565918 0.07786195386539806 0.11111106872558593 0.1557239077307961
0 0.875 0.04629629308527166 0.11111106872558593 0.0841750827702609
0 0.8796296119689941 0.06313131072304466 0.12037029266357421 0.05050505291331898
0 0.861111068725586 0.07786195386539806 0.0648148536682129 0.1557239077307961
0 0.8796296119689941 0.07786195386539806 0.046296310424804685 0.1557239077307961
0 0.8888888359069824 0.08627945726568048 0.046296310424804685 0.17255891453136096
0 0.9027777671813965 0.11153198372233998 0.055555534362792966 0.22306396744467996
0 0.9120370864868164 0.09469696608456699 0.037036991119384764 0.18939393216913397
0 0.9212963104248046 0.08627945726568048 0.037036991119384764 0.17255891453136096
0 0.9259259223937988 0.09469696608456699 0.06481475830078125 0.18939393216913397
0 0.9444444656372071 0.09469696608456699 0.046296310424804685 0.18939393216913397
0 0.9537036895751954 0.09469696608456699 0.046296310424804685 0.18939393216913397
0 0.9537036895751954 0.08627945726568048 0.06481475830078125 0.17255891453136096
0 0.9791666030883789 0.06944444504651157 0.041666698455810544 0.13888889009302313
0 0.04398148059844971 0.07154881954193115 0.08796296119689942 0.06734007055109198
