0 0.0555555522441864 0.0189393934878436 0.08333333134651184 0.0378787869756872
0 0.03472222089767456 0.02735690095207908 0.06944444179534912 0.05471380190415816
0 0.046296292543411256 0.02735690095207908 0.0277777761220932 0.05471380190415816
0 0.050925922393798825 0.029461278156800705 0.018518516421318056 0.05050504749471491
0 0.0555555522441864 0.02735690095207908 0.0277777761220932 0.05471380190415816
0 0.06481481194496155 0.02735690095207908 0.02777777910232544 0.05471380190415816
0 0.07407407164573669 0.02735690095207908 0.02777777910232544 0.05471380190415816
0 0.08333333134651184 0.029461278156800705 0.02777777910232544 0.05050504749471491
0 0.09259259104728698 0.02735690095207908 0.02777777910232544 0.05471380190415816
0 0.10185184478759765 0.02735690095207908 0.02777777910232544 0.05471380190415816
0 0.11111111640930176 0.02735690095207908 0.02777777910232544 0.05471380190415816
0 0.12037036418914795 0.02735690095207908 0.02777777910232544 0.05471380190415816
0 0.12962963581085205 0.02735690095207908 0.02777777910232544 0.05471380190415816
0 0.13888888359069823 0.02735690095207908 0.02777777910232544 0.05471380190415816
0 0.14814815521240235 0.02735690095207908 0.02777777910232544 0.05471380190415816
0 0.15740740299224854 0.02735690095207908 0.02777777910232544 0.05471380190415816
0 0.16666667461395263 0.02735690095207908 0.02777777910232544 0.05471380190415816
0 0.17592592239379884 0.02735690095207908 0.027777767181396483 0.05471380190415816
0 0.18518518209457396 0.02735690095207908 0.027777767181396483 0.05471380190415816
0 0.19444444179534912 0.02735690095207908 0.027777767181396483 0.05471380190415816
0 0.21296296119689942 0.02735690095207908 0.046296310424804685 0.05471380190415816
0 0.2222222089767456 0.02735690095207908 0.04629629850387573 0.05471380190415816
0 0.25462961196899414 0.02735690095207908 0.09259259700775146 0.05471380190415816
0 0.26388888359069823 0.02735690095207908 0.018518519401550294 0.05471380190415816
0 0.2731481552124023 0.02735690095207908 0.018518519401550294 0.05471380190415816
0 0.27777776718139646 0.02735690095207908 0.009259247779846191 0.05471380190415816
0 0.28240740299224854 0.02735690095207908 0.018518495559692382 0.05471380190415816
0 0.2870370388031006 0.02735690095207908 0.027777767181396483 0.05471380190415816
0 0.29629628658294677 0.02735690095207908 0.027777767181396483 0.05471380190415816
0 0.305555534362793 0.02735690095207908 0.027777791023254395 0.05471380190415816
0 0.31481480598449707 0.02735690095207908 0.027777767181396483 0.05471380190415816
0 0.32407407760620116 0.02735690095207908 0.027777791023254395 0.05471380190415816
0 0.3333333253860474 0.02735690095207908 0.027777767181396483 0.05471380190415816
0 0.3518518447875977 0.02735690095207908 0.046296310424804685 0.05471380190415816
0 0.3657407283782959 0.02735690095207908 0.03703703880310059 0.05471380190415816
0 0.375 0.02735690095207908 0.05555555820465088 0.05471380190415816
0 0.42592592239379884 0.02735690095207908 0.12037038803100586 0.05471380190415816
0 0.5324073791503906 0.02735690095207908 0.14814815521240235 0.05471380190415816
0 0.5601851940155029 0.02735690095207908 0.14814815521240235 0.05471380190415816
0 0.5925925731658935 0.02735690095207908 0.12037038803100586 0.05471380190415816
0 0.6018518447875977 0.02735690095207908 0.12037038803100586 0.05471380190415816
0 0.6435185432434082 0.02735690095207908 0.11111111640930176 0.05471380190415816
0 0.6851851463317871 0.0189393934878436 0.08333334922790528 0.0378787869756872
0 0.6990740776062012 0.02735690095207908 0.09259257316589356 0.05471380190415816
0 0.7175925731658935 0.02735690095207908 0.09259262084960937 0.05471380190415816
0 0.7268518447875977 0.0189393934878436 0.09259262084960937 0.0378787869756872
0 0.7314814567565918 0.0189393934878436 0.046296310424804685 0.0378787869756872
0 0.7314814567565918 0.0189393934878436 0.027777767181396483 0.0378787869756872
0 0.75 0.010521885346282612 0.046296310424804685 0.021043770692565224
0 0.75 0.0189393934878436 0.046296310424804685 0.0378787869756872
0 0.7546296119689941 0.0189393934878436 0.07407407760620117 0.0378787869756872
0 0.7731481552124023 0.0189393934878436 0.018518495559692382 0.0378787869756872
0 0.7777777671813965 0.0189393934878436 0.027777767181396483 0.0378787869756872
0 0.7870370388031006 0.0189393934878436 0.0648148536682129 0.0378787869756872
0 0.7962962627410889 0.02735690095207908 0.027777767181396483 0.05471380190415816
0 0.8425926208496094 0.02735690095207908 0.10185189247131347 0.05471380190415816
0 0.8240740776062012 0.02735690095207908 0.06481480598449707 0.05471380190415816
0 0.8518518447875977 0.02735690095207908 0.027777767181396483 0.05471380190415816
0 0.861111068725586 0.02735690095207908 0.027777767181396483 0.05471380190415816
0 0.8703702926635742 0.02735690095207908 0.027777767181396483 0.05471380190415816
0 0.8935184478759766 0.02735690095207908 0.05555562973022461 0.05471380190415816
0 0.9212963104248046 0.02735690095207908 0.07407407760620117 0.05471380190415816
0 0.9398147583007812 0.02735690095207908 0.018518543243408202 0.05471380190415816
0 0.9351852416992188 0.02735690095207908 0.027777767181396483 0.05471380190415816
0 0.9444444656372071 0.02735690095207908 0.027777767181396483 0.05471380190415816
0 0.9490740776062012 0.02735690095207908 0.09259262084960937 0.05471380190415816
0 0.039351850748062134 0.02735690095207908 0.07870370149612427 0.05471380190415816
0 0.050925922393798825 0.0189393934878436 0.018518516421318056 0.0378787869756872
0 0.06944444179534912 0.0189393934878436 0.018518519401550294 0.0378787869756872
0 0.09259259104728698 0.02735690095207908 0.02777777910232544 0.05471380190415816
0 0.12037036418914795 0.02735690095207908 0.02777777910232544 0.05471380190415816
0 0.12962963581085205 0.02735690095207908 0.02777777910232544 0.05471380190415816
0 0.13888888359069823 0.02735690095207908 0.02777777910232544 0.05471380190415816
0 0.14814815521240235 0.02735690095207908 0.02777777910232544 0.05471380190415816
0 0.16203703880310058 0.02735690095207908 0.018518519401550294 0.05471380190415816
0 0.16666667461395263 0.02735690095207908 0.02777777910232544 0.05471380190415816
0 0.17592592239379884 0.02735690095207908 0.027777767181396483 0.05471380190415816
0 0.18518518209457396 0.02735690095207908 0.027777767181396483 0.05471380190415816
0 0.2037036895751953 0.02735690095207908 0.027777791023254395 0.05471380190415816
0 0.21296296119689942 0.02735690095207908 0.02777777910232544 0.05471380190415816
0 0.20833334922790528 0.02735690095207908 0.05555555820465088 0.05471380190415816
0 0.25 0.02735690095207908 0.06481480598449707 0.05471380190415816
0 0.24537038803100586 0.02735690095207908 0.05555555820465088 0.05471380190415816
0 0.2592592716217041 0.02735690095207908 0.027777791023254395 0.05471380190415816
0 0.29166665077209475 0.02735690095207908 0.018518519401550294 0.05471380190415816
0 0.34722223281860354 0.02735690095207908 0.018518519401550294 0.05471380190415816
0 0.36111111640930177 0.02735690095207908 0.027777791023254395 0.05471380190415816
0 0.39351849555969237 0.02735690095207908 0.12962961196899414 0.05471380190415816
0 0.43518519401550293 0.02735690095207908 0.08333332538604736 0.05471380190415816
0 0.4537036895751953 0.02735690095207908 0.08333330154418946 0.05471380190415816
0 0.444444465637207 0.02735690095207908 0.04629626274108887 0.05471380190415816
0 0.4814814567565918 0.02735690095207908 0.08333334922790528 0.05471380190415816
0 0.48611106872558596 0.02735690095207908 0.11111111640930176 0.05471380190415816
0 0.5138888835906983 0.02735690095207908 0.09259262084960937 0.05471380190415816
0 0.5231481552124023 0.02735690095207908 0.09259257316589356 0.05471380190415816
0 0.5416666984558105 0.02735690095207908 0.11111111640930176 0.05471380190415816
0 0.5555555343627929 0.02735690095207908 0.10185184478759765 0.05471380190415816
0 0.5740740776062012 0.02735690095207908 0.08333334922790528 0.05471380190415816
0 0.5925926208496094 0.02735690095207908 0.08333334922790528 0.05471380190415816
0 0.6203703880310059 0.02735690095207908 0.08333334922790528 0.05471380190415816
0 0.6296296119689941 0.02735690095207908 0.08333330154418946 0.05471380190415816
0 0.6481481552124023 0.02735690095207908 0.04629626274108887 0.05471380190415816
0 0.6574073791503906 0.02735690095207908 0.04629626274108887 0.05471380190415816
0 0.6666666507720947 0.02735690095207908 0.027777767181396483 0.05471380190415816
0 0.6851851463317871 0.02735690095207908 0.04629626274108887 0.05471380190415816
0 0.7129629611968994 0.010521885346282612 0.027777767181396483 0.021043770692565224
0 0.7222222328186035 0.010521885346282612 0.027777814865112306 0.021043770692565224
0 0.7592592239379883 0.010521885346282612 0.08333334922790528 0.021043770692565224
0 0.7407407283782959 0.010521885346282612 0.027777767181396483 0.021043770692565224
0 0.7453703880310059 0.010521885346282612 0.03703703880310059 0.021043770692565224
0 0.7592592239379883 0.010521885346282612 0.027777814865112306 0.021043770692565224
0 0.7731481552124023 0.010521885346282612 0.03703703880310059 0.021043770692565224
0 0.7731481552124023 0.010521885346282612 0.018518495559692382 0.021043770692565224
0 0.7870370388031006 0.0189393934878436 0.027777767181396483 0.0378787869756872
0 0.7962962627410889 0.02735690095207908 0.027777767181396483 0.05471380190415816
0 0.8333333969116211 0.02735690095207908 0.027777767181396483 0.05471380190415816
0 0.8425926208496094 0.02735690095207908 0.027777767181396483 0.05471380190415816
0 0.8564814567565918 0.0189393934878436 0.018518447875976562 0.0378787869756872
0 0.861111068725586 0.02735690095207908 0.027777767181396483 0.05471380190415816
0 0.8703702926635742 0.02735690095207908 0.027777767181396483 0.05471380190415816
0 0.9166666030883789 0.02735690095207908 0.046296215057373045 0.05471380190415816
0 0.9166666030883789 0.02735690095207908 0.027777767181396483 0.05471380190415816
0 0.9259258270263672 0.02735690095207908 0.027777767181396483 0.05471380190415816
0 0.9305555343627929 0.0189393934878436 0.018518447875976562 0.0378787869756872
0 0.9351852416992188 0.02735690095207908 0.027777767181396483 0.05471380190415816
0 0.9444444656372071 0.02735690095207908 0.027777767181396483 0.05471380190415816
0 0.9537036895751954 0.02735690095207908 0.027777862548828126 0.05471380190415816
0 0.9560184478759766 0.02735690095207908 0.08796300888061523 0.05471380190415816
0 0.9629629135131836 0.02735690095207908 0.0648148536682129 0.05471380190415816
0 0.9837963104248046 0.02735690095207908 0.032407379150390624 0.05471380190415816
0 0.018518517911434173 0.035774409770965576 0.0277777761220932 0.07154881954193115
0 0.03240740597248078 0.035774409770965576 0.03703703284263611 0.07154881954193115
0 0.04166666567325592 0.035774409770965576 0.03703703284263611 0.07154881954193115
0 0.04629629552364349 0.035774409770965576 0.046296292543411256 0.07154881954193115
0 0.0555555522441864 0.035774409770965576 0.04629629552364349 0.07154881954193115
0 0.0555555522441864 0.06102693622762507 0.04629629552364349 0.12205387245525014
0 0.06944444179534912 0.044191918589852074 0.05555555820465088 0.08838383717970415
0 0.07407407164573669 0.06102693622762507 0.04629629850387573 0.12205387245525014
0 0.08333333134651184 0.035774409770965576 0.04629629850387573 0.07154881954193115
0 0.08333333134651184 0.044191918589852074 0.06481481790542602 0.08838383717970415
0 0.08796296119689942 0.035774409770965576 0.05555555820465088 0.07154881954193115
0 0.10648148059844971 0.044191918589852074 0.05555555820465088 0.08838383717970415
0 0.11574074029922485 0.06102693622762507 0.05555555820465088 0.12205387245525014
0 0.15740740299224854 0.06102693622762507 0.10185184478759765 0.12205387245525014
0 0.15277777910232543 0.044191918589852074 0.12962963581085205 0.08838383717970415
0 0.1666666626930237 0.035774409770965576 0.12037036418914795 0.07154881954193115
0 0.1666666626930237 0.035774409770965576 0.04629628658294678 0.07154881954193115
0 0.18055555820465088 0.035774409770965576 0.03703702688217163 0.07154881954193115
0 0.19444444179534912 0.06102693622762507 0.04629629850387573 0.12205387245525014
0 0.2314814805984497 0.06102693622762507 0.10185184478759765 0.12205387245525014
0 0.2222222328186035 0.06102693622762507 0.06481482982635497 0.12205387245525014
0 0.2222222089767456 0.035774409770965576 0.04629629850387573 0.07154881954193115
0 0.2314814805984497 0.044191918589852074 0.06481481790542602 0.08838383717970415
0 0.2592592716217041 0.035774409770965576 0.027777791023254395 0.07154881954193115
0 0.2685185194015503 0.06944444504651157 0.027777767181396483 0.13888889009302313
0 0.28240740299224854 0.06944444504651157 0.03703703880310059 0.13888889009302313
0 0.28240740299224854 0.02735690095207908 0.018518495559692382 0.05471380190415816
0 0.2870370388031006 0.02735690095207908 0.027777767181396483 0.05471380190415816
0 0.29629628658294677 0.06944444504651157 0.027777767181396483 0.13888889009302313
0 0.310185170173645 0.035774409770965576 0.03703703880310059 0.07154881954193115
0 0.31944444179534914 0.06944444504651157 0.03703703880310059 0.13888889009302313
0 0.3379629611968994 0.044191918589852074 0.07407407760620117 0.08838383717970415
0 0.37037034034729005 0.035774409770965576 0.12037036418914795 0.07154881954193115
0 0.3842592477798462 0.06102693622762507 0.11111111640930176 0.12205387245525014
0 0.39351849555969237 0.035774409770965576 0.12962961196899414 0.07154881954193115
0 0.4120370388031006 0.035774409770965576 0.11111109256744385 0.07154881954193115
0 0.444444465637207 0.035774409770965576 0.08333334922790528 0.07154881954193115
0 0.4629629611968994 0.035774409770965576 0.08333330154418946 0.07154881954193115
0 0.5 0.035774409770965576 0.10185184478759765 0.07154881954193115
0 0.5601851463317871 0.035774409770965576 0.09259257316589356 0.07154881954193115
0 0.5833333015441895 0.035774409770965576 0.08333334922790528 0.07154881954193115
0 0.62037034034729 0.035774409770965576 0.10185184478759765 0.07154881954193115
0 0.6481481552124023 0.035774409770965576 0.08333334922790528 0.07154881954193115
0 0.6620369911193847 0.02735690095207908 0.09259257316589356 0.05471380190415816
0 0.7083333015441895 0.0189393934878436 0.09259257316589356 0.0378787869756872
0 0.7407407283782959 0.035774409770965576 0.08333330154418946 0.07154881954193115
0 0.75 0.035774409770965576 0.08333334922790528 0.07154881954193115
0 0.7314814567565918 0.035774409770965576 0.15740737915039063 0.07154881954193115
0 0.7777777671813965 0.035774409770965576 0.08333334922790528 0.07154881954193115
0 0.7685184955596924 0.02735690095207908 0.12037038803100586 0.05471380190415816
0 0.8009259223937988 0.02735690095207908 0.09259262084960937 0.05471380190415816
0 0.8240739822387695 0.035774409770965576 0.08333330154418946 0.07154881954193115
0 0.8472222328186035 0.035774409770965576 0.11111111640930176 0.07154881954193115
0 0.9074073791503906 0.035774409770965576 0.10185184478759765 0.07154881954193115
0 0.9027776718139648 0.035774409770965576 0.07407407760620117 0.07154881954193115
0 0.9351851463317871 0.02735690095207908 0.10185184478759765 0.05471380190415816
0 0.9490740776062012 0.035774409770965576 0.09259262084960937 0.07154881954193115
0 0.9699073791503906 0.035774409770965576 0.06018524169921875 0.07154881954193115
0 0.9722222328186035 0.035774409770965576 0.046296310424804685 0.07154881954193115
0 0.9837963104248046 0.035774409770965576 0.032407379150390624 0.07154881954193115
0 0.039351850748062134 0.05471380190415816 0.07870370149612427 0.0673400651324879
0 0.0277777761220932 0.05471380190415816 0.02777777910232544 0.0673400651324879
0 0.06481481194496155 0.044191918589852074 0.08333333134651184 0.08838383717970415
0 0.06481481194496155 0.15361952781677246 0.10185185670852662 0.3072390556335449
0 0.08333333134651184 0.15361952781677246 0.10185185670852662 0.3072390556335449
0 0.10185184478759765 0.15361952781677246 0.10185185670852662 0.3072390556335449
0 0.08796296119689942 0.15361952781677246 0.05555555820465088 0.3072390556335449
0 0.10648148059844971 0.15361952781677246 0.05555555820465088 0.3072390556335449
0 0.13888888359069823 0.15361952781677246 0.10185184478759765 0.3072390556335449
0 0.10416666269302369 0.15361952781677246 0.20833332538604737 0.3072390556335449
0 0.16666667461395263 0.15361952781677246 0.10185185670852662 0.3072390556335449
0 0.17592592239379884 0.044191918589852074 0.10185184478759765 0.08838383717970415
0 0.19444444179534912 0.044191918589852074 0.10185184478759765 0.08838383717970415
0 0.20370371341705323 0.15361952781677246 0.10185185670852662 0.3072390556335449
0 0.2222222328186035 0.15361952781677246 0.10185185670852662 0.3072390556335449
0 0.23611111640930177 0.15361952781677246 0.09259259700775146 0.3072390556335449
0 0.2314814805984497 0.044191918589852074 0.027777767181396483 0.08838383717970415
0 0.2314814805984497 0.05471380190415816 0.046296310424804685 0.0673400651324879
0 0.23611111640930177 0.05260942740873857 0.05555555820465088 0.10521885481747714
0 0.25462961196899414 0.15361952781677246 0.05555555820465088 0.3072390556335449
0 0.2731481552124023 0.15361952781677246 0.05555555820465088 0.3072390556335449
0 0.31481480598449707 0.15361952781677246 0.10185184478759765 0.3072390556335449
0 0.3333333253860474 0.15361952781677246 0.10185184478759765 0.3072390556335449
0 0.34259257316589353 0.044191918589852074 0.10185186862945557 0.08838383717970415
0 0.37962961196899414 0.044191918589852074 0.10185184478759765 0.08838383717970415
0 0.34259259700775146 0.044191918589852074 0.21296296119689942 0.08838383717970415
0 0.4074073791503906 0.044191918589852074 0.10185182094573975 0.08838383717970415
0 0.41666665077209475 0.05471380190415816 0.10185184478759765 0.0673400651324879
0 0.43518519401550293 0.05471380190415816 0.08333332538604736 0.0673400651324879
0 0.4444444179534912 0.044191918589852074 0.10185182094573975 0.08838383717970415
0 0.4629629611968994 0.044191918589852074 0.10185184478759765 0.08838383717970415
0 0.4814814567565918 0.044191918589852074 0.08333334922790528 0.08838383717970415
0 0.4907407283782959 0.05471380190415816 0.08333330154418946 0.0673400651324879
0 0.5092592239379883 0.05471380190415816 0.08333334922790528 0.0673400651324879
0 0.5231481552124023 0.05471380190415816 0.07407407760620117 0.0673400651324879
0 0.5324073791503906 0.04629629308527166 0.07407407760620117 0.0841750827702609
0 0.5277777671813965 0.04629629308527166 0.12037038803100586 0.0841750827702609
0 0.5416666507720947 0.05471380190415816 0.12962961196899414 0.0673400651324879
0 0.5648148059844971 0.05471380190415816 0.08333330154418946 0.0673400651324879
0 0.5833333015441895 0.05471380190415816 0.08333334922790528 0.0673400651324879
0 0.6064814567565918 0.044191918589852074 0.11111111640930176 0.08838383717970415
0 0.6157407283782959 0.05471380190415816 0.11111106872558593 0.0673400651324879
0 0.6435185432434082 0.05471380190415816 0.11111111640930176 0.0673400651324879
0 0.6527777671813965 0.06313131072304466 0.11111106872558593 0.016835017637772995
0 0.6620369911193847 0.035774409770965576 0.11111111640930176 0.07154881954193115
0 0.6805555343627929 0.15361952781677246 0.11111111640930176 0.3072390556335449
0 0.7037036895751954 0.15361952781677246 0.08333330154418946 0.3072390556335449
0 0.6990740776062012 0.035774409770965576 0.03703703880310059 0.07154881954193115
0 0.7314814567565918 0.15361952781677246 0.08333334922790528 0.3072390556335449
0 0.6759259223937988 0.044191918589852074 0.21296296119689942 0.08838383717970415
0 0.6944444656372071 0.035774409770965576 0.21296296119689942 0.07154881954193115
0 0.7777777671813965 0.05471380190415816 0.08333334922790528 0.0
0 0.7777777671813965 0.05471380190415816 0.10185184478759765 0.0
0 0.7777777671813965 0.035774409770965576 0.12037034034729004 0.07154881954193115
0 0.7916666984558105 0.035774409770965576 0.11111111640930176 0.07154881954193115
0 0.8148147583007812 0.035774409770965576 0.08333330154418946 0.07154881954193115
0 0.8333333015441895 0.04629629308527166 0.08333334922790528 0.05050504749471491
0 0.8425926208496094 0.05471380190415816 0.08333330154418946 0.0673400651324879
0 0.8518518447875977 0.04629629308527166 0.08333339691162109 0.05050504749471491
0 0.8472222328186035 0.05260942740873857 0.11111111640930176 0.10521885481747714
0 0.8333333015441895 0.02735690095207908 0.06481475830078125 0.05471380190415816
0 0.8564814567565918 0.15361952781677246 0.037037086486816403 0.3072390556335449
0 0.8796296119689941 0.15361952781677246 0.10185184478759765 0.3072390556335449
0 0.9027777671813965 0.15361952781677246 0.09259262084960937 0.3072390556335449
0 0.9166666030883789 0.05471380190415816 0.1018519401550293 0.0673400651324879
0 0.8935184478759766 0.044191918589852074 0.05555562973022461 0.08838383717970415
0 0.9074073791503906 0.044191918589852074 0.06481475830078125 0.08838383717970415
0 0.9351852416992188 0.15361952781677246 0.12037038803100586 0.3072390556335449
0 0.9560184478759766 0.15361952781677246 0.08796300888061523 0.3072390556335449
0 0.9537036895751954 0.02735690095207908 0.06481475830078125 0.05471380190415816
0 0.9629629135131836 0.04629629308527166 0.046296310424804685 0.0841750827702609
0 0.9675926208496094 0.044191918589852074 0.037036991119384764 0.08838383717970415
0 0.9768518447875977 0.04629629308527166 0.037037086486816403 0.0841750827702609
0 0.9745370864868164 0.04629629308527166 0.050925922393798825 0.0841750827702609
0 0.9837963104248046 0.07996632836081764 0.032407379150390624 0.15151515873995694
0 0.039351850748062134 0.07154881954193115 0.07870370149612427 0.06734007055109198
0 0.053240740299224855 0.06313131072304466 0.10648148059844971 0.0841750827702609
0 0.06944444179534912 0.07154881954193115 0.12962963581085205 0.06734007055109198
0 0.07638888955116271 0.05471380190415816 0.15277777910232543 0.10101010582663796
0 0.10185185670852662 0.05471380190415816 0.12037037611007691 0.10101010582663796
0 0.11574074029922485 0.05260942740873857 0.12962963581085205 0.10521885481747714
0 0.09953703284263611 0.05260942740873857 0.19907406568527222 0.10521885481747714
0 0.1666666626930237 0.07154881954193115 0.08333332538604736 0.06734007055109198
0 0.11574074029922485 0.05471380190415816 0.2222222089767456 0.10101010582663796
0 0.17592592239379884 0.05471380190415816 0.10185184478759765 0.10101010582663796
0 0.18518518209457396 0.07154881954193115 0.12037036418914795 0.06734007055109198
0 0.21759259700775146 0.05260942740873857 0.11111111640930176 0.10521885481747714
0 0.2314814805984497 0.07154881954193115 0.08333334922790528 0.06734007055109198
0 0.2314814805984497 0.07996632836081764 0.10185184478759765 0.11784512346441095
0 0.25 0.07154881954193115 0.08333332538604736 0.10101010582663796
0 0.25 0.07154881954193115 0.12037036418914795 0.10101010582663796
0 0.29629628658294677 0.05260942740873857 0.10185184478759765 0.10521885481747714
