0 0.05787037236030113 0.0 0.11574074472060226 0.0
0 0.04629629878370974 0.0 0.08333334228802175 0.0
0 0.09722222520711836 0.00719039390484492 0.0925926065221079 0.01438078780968984
0 0.15740741138726894 0.00719039390484492 0.08333333333333333 0.01438078780968984
0 0.837962978882409 0.00719039390484492 0.12962964554907572 0.01438078780968984
0 0.8287036877842576 0.00719039390484492 0.18518517722546216 0.01438078780968984
0 0.9421296455490757 0.0 0.1157407089018486 0.0
0 0.9513889366472271 0.0 0.09722219834305311 0.0
0 0.9560185821963029 0.00719039390484492 0.0879629072449017 0.01438078780968984
0 0.9652778016569469 0.0 0.06944439668610622 0.0
0 0.962962978882409 0.0 0.04629624057823504 0.0
0 0.974537021117591 0.0 0.05092588612731074 0.0
0 0.020833333333333332 0.015407986442248027 0.041666666666666664 0.030815972884496053
0 0.03240740690992472 0.0 0.055555558540451695 0.0
0 0.041666666666666664 0.00719039390484492 0.055555558540451695 0.01438078780968984
0 0.039351852846817234 0.0 0.07870370569363447 0.0
0 0.07870370569363447 0.00719039390484492 0.1481481561078712 0.01438078780968984
0 0.10648148944120452 0.0 0.09259259756741949 0.0
0 0.1250000089546884 0.0 0.0925926065221079 0.0
0 0.13888890082847344 0.00719039390484492 0.10185185284681723 0.01438078780968984
0 0.15277778374757006 0.0 0.09259258861273108 0.0
0 0.13888890082847344 0.00719039390484492 0.02777777479288164 0.01438078780968984
0 0.19444446832361356 0.015407986442248027 0.10185186180150566 0.030815972884496053
0 0.21296297888240903 0.015407986442248027 0.10185186180150566 0.030815972884496053
0 0.22222223416180678 0.00719039390484492 0.10185184389212881 0.01438078780968984
0 0.23611113499028022 0.0 0.0925926065221079 0.0
0 0.2546296455490757 0.0 0.0925926065221079 0.0
0 0.2777778016569469 0.0 0.10185186180150566 0.0
0 0.2962963122157424 0.0 0.08333333333333333 0.0
0 0.32407411387268925 0.0 0.10185187971088248 0.0
0 0.333333369152087 0.00719039390484492 0.10185186180150566 0.01438078780968984
0 0.34259262443148475 0.0 0.10185186180150566 0.0
0 0.36111113499028025 0.0 0.10185184389212881 0.0
0 0.36574078053935594 0.00719039390484492 0.09259258861273108 0.01438078780968984
0 0.38888890082847344 0.0 0.10185184389212881 0.0
0 0.4027778016569469 0.00719039390484492 0.09259258861273108 0.01438078780968984
0 0.4212963122157424 0.00719039390484492 0.09259258861273108 0.01438078780968984
0 0.4398148227745379 0.00719039390484492 0.09259258861273108 0.01438078780968984
0 0.4583333333333333 0.00719039390484492 0.09259258861273108 0.01438078780968984
0 0.4768518438921288 0.00719039390484492 0.09259258861273108 0.01438078780968984
0 0.49537039026967794 0.00719039390484492 0.09259262443148474 0.01438078780968984
0 0.5138889366472271 0.0 0.09259258861273108 0.0
0 0.5324074472060226 0.0 0.09259258861273108 0.0
0 0.5509259577648181 0.0 0.09259258861273108 0.0
0 0.5601851772254621 0.00719039390484492 0.09259258861273108 0.01438078780968984
0 0.5787037236030113 0.0 0.0925925527939774 0.0
0 0.5972222699805605 0.0 0.09259262443148474 0.0
0 0.6064814894412045 0.00719039390484492 0.09259258861273108 0.01438078780968984
0 0.625 0.00719039390484492 0.09259258861273108 0.01438078780968984
0 0.6435185105587955 0.0 0.09259258861273108 0.0
0 0.662037021117591 0.0 0.0925925527939774 0.0
0 0.6851852488629695 0.0 0.10185184389212881 0.0
0 0.7083333333333334 0.0 0.0925925527939774 0.0
0 0.7268519155296361 0.0 0.0925925527939774 0.0
0 0.7361111349902802 0.00719039390484492 0.09259262443148474 0.01438078780968984
0 0.7546296455490757 0.00719039390484492 0.09259262443148474 0.01438078780968984
0 0.7638889366472271 0.0 0.09259262443148474 0.0
0 0.787037021117591 0.0 0.10185184389212881 0.0
0 0.8101852488629695 0.00719039390484492 0.0925925527939774 0.01438078780968984
0 0.828703759421765 0.0 0.09259262443148474 0.0
0 0.8657407805393559 0.00719039390484492 0.09259262443148474 0.01438078780968984
0 0.8518519155296361 0.015407986442248027 0.06481482277453786 0.030815972884496053
0 0.8842592910981514 0.015407986442248027 0.09259262443148474 0.030815972884496053
0 0.8888889366472271 0.0 0.08333333333333333 0.0
0 0.912037021117591 0.00719039390484492 0.11111113499028022 0.01438078780968984
0 0.8935185821963029 0.00719039390484492 0.055555531676386445 0.01438078780968984
0 0.8935185821963029 0.00719039390484492 0.03703702111759096 0.01438078780968984
0 0.9166666666666666 0.00719039390484492 0.06481482277453786 0.01438078780968984
0 0.9305556033138938 0.00719039390484492 0.05555560331389378 0.01438078780968984
0 0.9259259577648181 0.0 0.10185184389212881 0.0
0 0.9351852488629695 0.0 0.08333333333333333 0.0
0 0.9444444683236135 0.00719039390484492 0.08333333333333333 0.01438078780968984
0 0.020833333333333332 0.023625580469767253 0.041666666666666664 0.047251160939534506
0 0.013888889635112924 0.00719039390484492 0.0185185195134839 0.01438078780968984
0 0.03240740690992472 0.00719039390484492 0.018518517274811793 0.01438078780968984
0 0.02546296321170431 0.00719039390484492 0.05092592642340862 0.01438078780968984
0 0.03472222296844626 0.00719039390484492 0.06944444593689252 0.01438078780968984
0 0.06944444593689252 0.015407986442248027 0.055555558540451695 0.030815972884496053
0 0.06944445041423672 0.015407986442248027 0.03703704350431201 0.030815972884496053
0 0.07870370569363447 0.00719039390484492 0.0370370390269678 0.01438078780968984
0 0.08796296992772062 0.015407986442248027 0.03703704350431201 0.030815972884496053
0 0.09722222520711836 0.00719039390484492 0.0370370390269678 0.01438078780968984
0 0.10648148944120452 0.00719039390484492 0.0370370390269678 0.01438078780968984
0 0.12037037236030113 0.015407986442248027 0.02777777479288164 0.030815972884496053
0 0.12962963659438728 0.015407986442248027 0.027777783747570055 0.030815972884496053
0 0.1435185284681723 0.015407986442248027 0.03703703007227938 0.030815972884496053
0 0.15277778374757006 0.015407986442248027 0.03703704798165621 0.030815972884496053
0 0.16203705693634463 0.015407986442248027 0.0370370390269678 0.030815972884496053
0 0.17129631221574237 0.015407986442248027 0.0370370390269678 0.030815972884496053
0 0.18055556749514012 0.015407986442248027 0.0370370390269678 0.030815972884496053
0 0.18981482277453784 0.015407986442248027 0.0370370390269678 0.030815972884496053
0 0.20833333333333334 0.015407986442248027 0.018518528468172316 0.030815972884496053
0 0.2037037236030113 0.00719039390484492 0.04629629430636554 0.01438078780968984
0 0.22222223416180678 0.00719039390484492 0.027777765838193223 0.01438078780968984
0 0.22685187971088247 0.015407986442248027 0.0370370390269678 0.030815972884496053
0 0.23611113499028022 0.00719039390484492 0.0370370390269678 0.01438078780968984
0 0.24537039026967797 0.00719039390484492 0.0370370390269678 0.01438078780968984
0 0.2546296455490757 0.00719039390484492 0.0370370390269678 0.01438078780968984
0 0.26388890082847344 0.00719039390484492 0.0370370390269678 0.01438078780968984
0 0.2777778016569469 0.00719039390484492 0.027777783747570055 0.01438078780968984
0 0.2777778016569469 0.00719039390484492 0.04629631221574237 0.01438078780968984
0 0.2916666845760435 0.00719039390484492 0.03703705693634463 0.01438078780968984
0 0.30092595776481806 0.00719039390484492 0.0370370390269678 0.01438078780968984
0 0.3101852130442158 0.015407986442248027 0.0370370390269678 0.030815972884496053
0 0.3287037236030113 0.015407986442248027 0.01851851055879548 0.030815972884496053
0 0.33796297888240906 0.015407986442248027 0.01851851055879548 0.030815972884496053
0 0.34722223416180675 0.015407986442248027 0.01851851055879548 0.030815972884496053
0 0.3564814894412045 0.015407986442248027 0.01851851055879548 0.030815972884496053
0 0.36574078053935594 0.015407986442248027 0.01851854637754915 0.030815972884496053
0 0.375 0.015407986442248027 0.01851854637754915 0.030815972884496053
0 0.38425929109815143 0.015407986442248027 0.01851851055879548 0.030815972884496053
0 0.3935185463775491 0.015407986442248027 0.01851851055879548 0.030815972884496053
0 0.4027778016569469 0.015407986442248027 0.01851851055879548 0.030815972884496053
0 0.4120370569363446 0.015407986442248027 0.01851851055879548 0.030815972884496053
0 0.4212963122157424 0.015407986442248027 0.01851851055879548 0.030815972884496053
0 0.4305555674951401 0.015407986442248027 0.01851851055879548 0.030815972884496053
0 0.4398148227745379 0.015407986442248027 0.01851851055879548 0.030815972884496053
0 0.44907411387268925 0.015407986442248027 0.01851854637754915 0.030815972884496053
0 0.4583333333333333 0.015407986442248027 0.01851854637754915 0.030815972884496053
0 0.46759262443148475 0.015407986442248027 0.01851851055879548 0.030815972884496053
0 0.4768518797108825 0.015407986442248027 0.01851851055879548 0.030815972884496053
0 0.48611113499028025 0.015407986442248027 0.01851851055879548 0.030815972884496053
0 0.49537039026967794 0.015407986442248027 0.01851851055879548 0.030815972884496053
0 0.5046296455490757 0.00719039390484492 0.01851851055879548 0.01438078780968984
0 0.5138889008284735 0.015407986442248027 0.01851851055879548 0.030815972884496053
0 0.5231481561078711 0.015407986442248027 0.01851854637754915 0.030815972884496053
0 0.5324074472060226 0.015407986442248027 0.01851854637754915 0.030815972884496053
0 0.5416667024854204 0.015407986442248027 0.01851851055879548 0.030815972884496053
0 0.5509259577648181 0.015407986442248027 0.01851851055879548 0.030815972884496053
0 0.5601852130442159 0.015407986442248027 0.01851851055879548 0.030815972884496053
0 0.5694444683236135 0.015407986442248027 0.01851851055879548 0.030815972884496053
0 0.5787037236030113 0.015407986442248027 0.01851851055879548 0.030815972884496053
0 0.587962978882409 0.015407986442248027 0.01851851055879548 0.030815972884496053
0 0.5972222341618068 0.00719039390484492 0.01851851055879548 0.01438078780968984
0 0.6018519155296361 0.00719039390484492 0.02777780165694689 0.01438078780968984
0 0.6157407805393559 0.00719039390484492 0.03703705693634463 0.01438078780968984
0 0.625 0.00719039390484492 0.0370370927550983 0.01438078780968984
0 0.6342592910981514 0.00719039390484492 0.03703702111759096 0.01438078780968984
0 0.6435185821963029 0.00719039390484492 0.0370370927550983 0.01438078780968984
0 0.6527778016569469 0.00719039390484492 0.03703702111759096 0.01438078780968984
0 0.6620370927550983 0.015407986442248027 0.03703702111759096 0.030815972884496053
0 0.6712963122157424 0.015407986442248027 0.03703702111759096 0.030815972884496053
0 0.6898148944120452 0.015407986442248027 0.01851851055879548 0.030815972884496053
0 0.6990740422351819 0.015407986442248027 0.01851851055879548 0.030815972884496053
0 0.7083333333333334 0.015407986442248027 0.01851851055879548 0.030815972884496053
0 0.7083333333333334 0.00719039390484492 0.0370370927550983 0.01438078780968984
0 0.7175926244314847 0.015407986442248027 0.03703702111759096 0.030815972884496053
0 0.7268519155296361 0.00719039390484492 0.0370370927550983 0.01438078780968984
0 0.7361111349902802 0.00719039390484492 0.03703702111759096 0.01438078780968984
0 0.7453704260884316 0.00719039390484492 0.03703702111759096 0.01438078780968984
0 0.7546296455490757 0.00719039390484492 0.03703702111759096 0.01438078780968984
0 0.7731482277453785 0.015407986442248027 0.01851851055879548 0.030815972884496053
0 0.7824074472060226 0.015407986442248027 0.018518582196302816 0.030815972884496053
0 0.7916666666666666 0.015407986442248027 0.01851851055879548 0.030815972884496053
0 0.8009259577648181 0.015407986442248027 0.01851851055879548 0.030815972884496053
0 0.8101852488629695 0.015407986442248027 0.01851851055879548 0.030815972884496053
0 0.8194445399611209 0.00719039390484492 0.01851851055879548 0.01438078780968984
0 0.8240741138726893 0.00719039390484492 0.027777730019439555 0.01438078780968984
0 0.8333333333333334 0.00719039390484492 0.02777780165694689 0.01438078780968984
0 0.8425926244314847 0.00719039390484492 0.027777730019439555 0.01438078780968984
0 0.8472222699805605 0.015407986442248027 0.03703702111759096 0.030815972884496053
0 0.8564815610787119 0.015407986442248027 0.0370370927550983 0.030815972884496053
0 0.8657407805393559 0.015407986442248027 0.03703702111759096 0.030815972884496053
0 0.875 0.00719039390484492 0.0370370927550983 0.01438078780968984
0 0.8842592910981514 0.015407986442248027 0.03703702111759096 0.030815972884496053
0 0.9375 0.015407986442248027 0.12499992836249267 0.030815972884496053
0 0.9212963122157424 0.015407986442248027 0.01851851055879548 0.030815972884496053
0 0.9305556033138938 0.00719039390484492 0.018518582196302816 0.01438078780968984
0 0.9398148944120452 0.015407986442248027 0.01851851055879548 0.030815972884496053
0 0.9421296455490757 0.015407986442248027 0.1157407089018486 0.030815972884496053
0 0.9421296455490757 0.015407986442248027 0.1157407089018486 0.030815972884496053
0 0.9398148944120452 0.015407986442248027 0.07407411387268927 0.030815972884496053
0 0.9583333333333334 0.015407986442248027 0.07407411387268927 0.030815972884496053
0 0.9675926244314847 0.00719039390484492 0.055555531676386445 0.01438078780968984
0 0.039351852846817234 0.031843173503875735 0.07870370569363447 0.06368634700775147
0 0.02314814939185487 0.015407986442248027 0.0185185195134839 0.030815972884496053
0 0.01620370457429841 0.022598379850387575 0.03240740914859682 0.016435185074806215
0 0.020833333333333332 0.015407986442248027 0.041666666666666664 0.030815972884496053
0 0.06712963211704308 0.015407986442248027 0.13425926423408616 0.030815972884496053
0 0.0370370390269678 0.022598379850387575 0.06481481381984944 0.016435185074806215
0 0.04629629878370974 0.023625580469767253 0.06481481381984944 0.047251160939534506
0 0.06944445041423672 0.023625580469767253 0.03703704350431201 0.047251160939534506
0 0.07870370569363447 0.023625580469767253 0.0370370390269678 0.047251160939534506
0 0.09259259756741949 0.023625580469767253 0.027777783747570055 0.047251160939534506
0 0.10185186180150566 0.023625580469767253 0.02777777479288164 0.047251160939534506
0 0.11111111708090339 0.04006076653798421 0.027777783747570055 0.08012153307596842
0 0.1250000089546884 0.015407986442248027 0.0370370390269678 0.030815972884496053
0 0.1481481561078712 0.015407986442248027 0.04629630326105395 0.030815972884496053
0 0.1481481561078712 0.015407986442248027 0.02777777479288164 0.030815972884496053
0 0.15277778374757006 0.023625580469767253 0.03703704798165621 0.047251160939534506
0 0.16666666666666666 0.015407986442248027 0.027777783747570055 0.030815972884496053
0 0.1759259219460644 0.015407986442248027 0.027777783747570055 0.030815972884496053
0 0.18518519513483897 0.015407986442248027 0.027777765838193223 0.030815972884496053
0 0.19444446832361356 0.023625580469767253 0.027777783747570055 0.047251160939534506
0 0.2037037236030113 0.023625580469767253 0.027777783747570055 0.047251160939534506
0 0.21296297888240903 0.015407986442248027 0.027777783747570055 0.030815972884496053
0 0.22685186180150566 0.015407986442248027 0.01851851055879548 0.030815972884496053
0 0.23148148944120453 0.015407986442248027 0.027777783747570055 0.030815972884496053
0 0.24074074472060225 0.015407986442248027 0.027777783747570055 0.030815972884496053
0 0.25 0.015407986442248027 0.027777783747570055 0.030815972884496053
0 0.25925927318877456 0.015407986442248027 0.027777765838193223 0.030815972884496053
0 0.2685185463775491 0.023625580469767253 0.027777783747570055 0.047251160939534506
0 0.2777778016569469 0.023625580469767253 0.027777783747570055 0.047251160939534506
0 0.2870370569363446 0.023625580469767253 0.02777780165694689 0.047251160939534506
0 0.3101852130442158 0.015407986442248027 0.01851851055879548 0.030815972884496053
0 0.32407411387268925 0.015407986442248027 0.027777765838193223 0.030815972884496053
0 0.34259262443148475 0.015407986442248027 0.027777765838193223 0.030815972884496053
0 0.33796297888240906 0.015407986442248027 0.055555531676386445 0.030815972884496053
0 0.34722226998056044 0.015407986442248027 0.05555556749514011 0.030815972884496053
0 0.36574078053935594 0.015407986442248027 0.05555556749514011 0.030815972884496053
0 0.38425929109815143 0.015407986442248027 0.05555556749514011 0.030815972884496053
0 0.4027778016569469 0.015407986442248027 0.055555531676386445 0.030815972884496053
0 0.4212963122157424 0.015407986442248027 0.055555531676386445 0.030815972884496053
0 0.44444446832361356 0.015407986442248027 0.06481482277453786 0.030815972884496053
0 0.46296297888240906 0.015407986442248027 0.04629631221574237 0.030815972884496053
0 0.4768518438921288 0.015407986442248027 0.05555556749514011 0.030815972884496053
0 0.49537039026967794 0.015407986442248027 0.055555531676386445 0.030815972884496053
0 0.5000000358187536 0.015407986442248027 0.06481482277453786 0.030815972884496053
0 0.5138889366472271 0.015407986442248027 0.05555556749514011 0.030815972884496053
0 0.5416666666666666 0.015407986442248027 0.09259258861273108 0.030815972884496053
0 0.5833333333333334 0.015407986442248027 0.13888890082847344 0.030815972884496053
0 0.5740741138726893 0.015407986442248027 0.06481478695578419 0.030815972884496053
0 0.6064814894412045 0.015407986442248027 0.01851854637754915 0.030815972884496053
0 0.5972222699805605 0.015407986442248027 0.03703705693634463 0.030815972884496053
0 0.6666666666666666 0.015407986442248027 0.10185184389212881 0.030815972884496053
0 0.6481482277453785 0.015407986442248027 0.06481482277453786 0.030815972884496053
0 0.6805556033138938 0.015407986442248027 0.01851851055879548 0.030815972884496053
0 0.7175926244314847 0.015407986442248027 0.018518582196302816 0.030815972884496053
0 0.7268519155296361 0.015407986442248027 0.01851851055879548 0.030815972884496053
0 0.7361112066277875 0.015407986442248027 0.01851851055879548 0.030815972884496053
0 0.7453703544509243 0.015407986442248027 0.01851851055879548 0.030815972884496053
0 0.7546296455490757 0.015407986442248027 0.01851851055879548 0.030815972884496053
0 0.7638889366472271 0.015407986442248027 0.01851851055879548 0.030815972884496053
0 0.7685185821963029 0.015407986442248027 0.02777780165694689 0.030815972884496053
0 0.8055556033138938 0.015407986442248027 0.027777730019439555 0.030815972884496053
0 0.8148148944120452 0.015407986442248027 0.02777780165694689 0.030815972884496053
0 0.8240741138726893 0.015407986442248027 0.027777730019439555 0.030815972884496053
0 0.8240741138726893 0.015407986442248027 0.04629631221574237 0.030815972884496053
0 0.837962978882409 0.015407986442248027 0.03703702111759096 0.030815972884496053
0 0.8518519155296361 0.015407986442248027 0.02777780165694689 0.030815972884496053
0 0.8703703544509243 0.015407986442248027 0.02777780165694689 0.030815972884496053
0 0.8842592910981514 0.015407986442248027 0.01851851055879548 0.030815972884496053
0 0.8981482277453785 0.015407986442248027 0.02777780165694689 0.030815972884496053
0 0.9074074472060226 0.015407986442248027 0.027777730019439555 0.030815972884496053
0 0.9166666666666666 0.015407986442248027 0.02777780165694689 0.030815972884496053
0 0.9259259577648181 0.023625580469767253 0.02777780165694689 0.047251160939534506
0 0.9351852488629695 0.015407986442248027 0.02777780165694689 0.030815972884496053
0 0.9490741138726893 0.015407986442248027 0.03703702111759096 0.030815972884496053
0 0.9490741138726893 0.015407986442248027 0.07407404223518192 0.030815972884496053
0 0.962962978882409 0.015407986442248027 0.02777780165694689 0.030815972884496053
0 0.9675926244314847 0.056495952606201175 0.055555531676386445 0.11299190521240235
0 0.9791666666666666 0.06471354564030965 0.04166659502915933 0.1294270912806193
0 0.011574074695927436 0.039033567905426024 0.02314814939185487 0.04930555820465088
0 0.0185185195134839 0.047251160939534506 0.027777779270225848 0.032870374123255414
0 0.03240740690992472 0.05546875397364299 0.018518517274811793 0.04930555820465088
0 0.041666666666666664 0.06368634700775147 0.018518517274811793 0.06574074427286784
0 0.05092592642340862 0.047251160939534506 0.0185185195134839 0.06574074427286784
0 0.06018518618015056 0.047251160939534506 0.0185185195134839 0.06574074427286784
0 0.06944444593689252 0.14688947995503743 0.0185185195134839 0.29377895991007485
0 0.07870370569363447 0.14688947995503743 0.0370370390269678 0.29377895991007485
0 0.08333333333333333 0.14688947995503743 0.027777779270225848 0.29377895991007485
0 0.09259259756741949 0.047251160939534506 0.027777783747570055 0.06574074427286784
0 0.10185186180150566 0.047251160939534506 0.02777777479288164 0.06574074427286784
0 0.12037037236030113 0.06368634700775147 0.02777777479288164 0.06574074427286784
0 0.13425926423408616 0.04827835957209269 0.0370370390269678 0.09655671914418539
0 0.13888889187378503 0.06471354564030965 0.04629629430636554 0.1294270912806193
0 0.1481481561078712 0.031843173503875735 0.02777777479288164 0.06368634700775147
0 0.17129631221574237 0.023625580469767253 0.018518528468172316 0.047251160939534506
0 0.1990740780539356 0.023625580469767253 0.018518528468172316 0.047251160939534506
0 0.18518519513483897 0.056495952606201175 0.06481482277453786 0.11299190521240235
0 0.2037037236030113 0.08114872773488363 0.06481480486516102 0.16229745546976726
0 0.22685187971088247 0.023625580469767253 0.0370370390269678 0.047251160939534506
0 0.25 0.023625580469767253 0.027777783747570055 0.047251160939534506
0 0.25925927318877456 0.023625580469767253 0.027777765838193223 0.047251160939534506
0 0.26388890082847344 0.023625580469767253 0.01851851055879548 0.047251160939534506
0 0.2731481561078712 0.023625580469767253 0.018518528468172316 0.047251160939534506
0 0.28240742929664575 0.030815974871317545 0.03703705693634463 0.03287037213643392
0 0.30092595776481806 0.030815974871317545 0.018518528468172316 0.03287037213643392
0 0.3055555674951401 0.030815974871317545 0.027777783747570055 0.03287037213643392
0 0.32407411387268925 0.023625580469767253 0.027777765838193223 0.047251160939534506
0 0.33796297888240906 0.023625580469767253 0.01851851055879548 0.047251160939534506
0 0.34722223416180675 0.023625580469767253 0.01851851055879548 0.047251160939534506
0 0.33796297888240906 0.023625580469767253 0.055555531676386445 0.047251160939534506
