0 0.011574073880910873 0.02735690095207908 0.023148147761821745 0.05471380190415816
0 0.0277777761220932 0.02735690095207908 0.046296292543411256 0.05471380190415816
0 0.04166666567325592 0.02735690095207908 0.03703703284263611 0.05471380190415816
0 0.04166666269302368 0.02735690095207908 0.018518516421318056 0.05471380190415816
0 0.046296292543411256 0.02735690095207908 0.0277777761220932 0.05471380190415816
0 0.0555555522441864 0.02735690095207908 0.0277777761220932 0.05471380190415816
0 0.0555555522441864 0.02735690095207908 0.04629629552364349 0.05471380190415816
0 0.06944444179534912 0.02735690095207908 0.03703703880310059 0.05471380190415816
0 0.08333333134651184 0.02735690095207908 0.04629629850387573 0.05471380190415816
0 0.10185184478759765 0.02735690095207908 0.02777777910232544 0.05471380190415816
0 0.11111111640930176 0.02735690095207908 0.02777777910232544 0.05471380190415816
0 0.11111111640930176 0.02735690095207908 0.04629629850387573 0.05471380190415816
0 0.125 0.02735690095207908 0.03703703880310059 0.05471380190415816
0 0.13888888359069823 0.02735690095207908 0.02777777910232544 0.05471380190415816
0 0.14814815521240235 0.02735690095207908 0.02777777910232544 0.05471380190415816
0 0.14814815521240235 0.02735690095207908 0.04629629850387573 0.05471380190415816
0 0.18981480598449707 0.02735690095207908 0.03703702688217163 0.05471380190415816
0 0.20833332538604737 0.02735690095207908 0.01851853132247925 0.05471380190415816
0 0.21296296119689942 0.02735690095207908 0.02777777910232544 0.05471380190415816
0 0.2222222328186035 0.02735690095207908 0.027777791023254395 0.05471380190415816
0 0.2222222089767456 0.02735690095207908 0.04629629850387573 0.05471380190415816
0 0.2314814805984497 0.02735690095207908 0.046296310424804685 0.05471380190415816
0 0.2407407283782959 0.02735690095207908 0.04629628658294678 0.05471380190415816
0 0.2592592716217041 0.02735690095207908 0.027777791023254395 0.05471380190415816
0 0.2685185194015503 0.02735690095207908 0.027777767181396483 0.05471380190415816
0 0.27777776718139646 0.02735690095207908 0.04629628658294678 0.05471380190415816
0 0.2870370388031006 0.02735690095207908 0.04629628658294678 0.05471380190415816
0 0.305555534362793 0.0189393934878436 0.027777791023254395 0.0378787869756872
0 0.31481480598449707 0.02735690095207908 0.027777767181396483 0.05471380190415816
0 0.31481480598449707 0.02735690095207908 0.046296310424804685 0.05471380190415816
0 0.32407407760620116 0.02735690095207908 0.04629628658294678 0.05471380190415816
0 0.34259257316589353 0.02735690095207908 0.027777791023254395 0.05471380190415816
0 0.3518518447875977 0.02735690095207908 0.027777767181396483 0.05471380190415816
0 0.36111111640930177 0.02735690095207908 0.027777791023254395 0.05471380190415816
0 0.3703703641891479 0.02735690095207908 0.027777767181396483 0.05471380190415816
0 0.37962961196899414 0.02735690095207908 0.027777791023254395 0.05471380190415816
0 0.3842592477798462 0.02735690095207908 0.03703703880310059 0.05471380190415816
0 0.3935185194015503 0.02735690095207908 0.03703703880310059 0.05471380190415816
0 0.4074073791503906 0.02735690095207908 0.04629628658294678 0.05471380190415816
0 0.4212963104248047 0.02735690095207908 0.05555555820465088 0.05471380190415816
0 0.4351851463317871 0.02735690095207908 0.04629626274108887 0.05471380190415816
0 0.444444465637207 0.02735690095207908 0.04629626274108887 0.05471380190415816
0 0.45833330154418944 0.02735690095207908 0.05555558204650879 0.05471380190415816
0 0.47222223281860354 0.02735690095207908 0.06481480598449707 0.05471380190415816
0 0.5879629611968994 0.035774409770965576 0.14814815521240235 0.07154881954193115
0 0.5925926208496094 0.02735690095207908 0.08333334922790528 0.05471380190415816
0 0.6157407283782959 0.02735690095207908 0.055555534362792966 0.05471380190415816
0 0.6296296119689941 0.02735690095207908 0.027777767181396483 0.05471380190415816
0 0.6388888835906983 0.02735690095207908 0.027777767181396483 0.05471380190415816
0 0.6481481552124023 0.02735690095207908 0.027777767181396483 0.05471380190415816
0 0.6666666507720947 0.02735690095207908 0.027777767181396483 0.05471380190415816
0 0.6759259223937988 0.02735690095207908 0.027777767181396483 0.05471380190415816
0 0.6851851463317871 0.02735690095207908 0.027777814865112306 0.05471380190415816
0 0.6944444179534912 0.02735690095207908 0.027777767181396483 0.05471380190415816
0 0.7037036895751954 0.02735690095207908 0.046296310424804685 0.05471380190415816
0 0.7129629611968994 0.02735690095207908 0.046296310424804685 0.05471380190415816
0 0.7407407283782959 0.02735690095207908 0.027777767181396483 0.05471380190415816
0 0.7314814567565918 0.0189393934878436 0.06481480598449707 0.0378787869756872
0 0.7592592239379883 0.02735690095207908 0.027777814865112306 0.05471380190415816
0 0.7685184955596924 0.02735690095207908 0.027777767181396483 0.05471380190415816
0 0.7685184955596924 0.0189393934878436 0.046296310424804685 0.0378787869756872
0 0.7870370388031006 0.02735690095207908 0.027777767181396483 0.05471380190415816
0 0.7777777671813965 0.02735690095207908 0.06481480598449707 0.05471380190415816
0 0.8287036895751954 0.02735690095207908 0.037037086486816403 0.05471380190415816
0 0.875 0.02735690095207908 0.09259262084960937 0.05471380190415816
0 0.9166666030883789 0.02735690095207908 0.1018519401550293 0.05471380190415816
0 0.9490740776062012 0.0189393934878436 0.09259262084960937 0.0378787869756872
0 0.9351852416992188 0.02735690095207908 0.027777767181396483 0.05471380190415816
0 0.9444444656372071 0.02735690095207908 0.027777767181396483 0.05471380190415816
0 0.9675926208496094 0.02735690095207908 0.05555562973022461 0.05471380190415816
0 0.9791666030883789 0.02735690095207908 0.041666698455810544 0.05471380190415816
0 0.01620370298624039 0.035774409770965576 0.03240740597248078 0.07154881954193115
0 0.06481481194496155 0.02735690095207908 0.02777777910232544 0.05471380190415816
0 0.07870370149612427 0.02735690095207908 0.03703703880310059 0.05471380190415816
0 0.09259259104728698 0.02735690095207908 0.02777777910232544 0.05471380190415816
0 0.11574074029922485 0.02735690095207908 0.03703703880310059 0.05471380190415816
0 0.14814815521240235 0.02735690095207908 0.02777777910232544 0.05471380190415816
0 0.15740740299224854 0.035774409770965576 0.02777777910232544 0.07154881954193115
0 0.17129628658294677 0.02735690095207908 0.055555546283721925 0.05471380190415816
0 0.18518518209457396 0.02735690095207908 0.027777767181396483 0.05471380190415816
0 0.18055555820465088 0.02735690095207908 0.055555546283721925 0.05471380190415816
0 0.21296296119689942 0.02735690095207908 0.02777777910232544 0.05471380190415816
0 0.2407407283782959 0.02735690095207908 0.027777791023254395 0.05471380190415816
0 0.25 0.02735690095207908 0.027777767181396483 0.05471380190415816
0 0.2592592716217041 0.02735690095207908 0.027777791023254395 0.05471380190415816
0 0.2731481552124023 0.02735690095207908 0.037037014961242676 0.05471380190415816
0 0.2870370388031006 0.02735690095207908 0.027777767181396483 0.05471380190415816
0 0.29629628658294677 0.0189393934878436 0.027777767181396483 0.0378787869756872
0 0.305555534362793 0.02735690095207908 0.027777791023254395 0.05471380190415816
0 0.31481480598449707 0.02735690095207908 0.027777767181396483 0.05471380190415816
0 0.31481480598449707 0.02735690095207908 0.046296310424804685 0.05471380190415816
0 0.3333333253860474 0.02735690095207908 0.027777767181396483 0.05471380190415816
0 0.34259257316589353 0.02735690095207908 0.027777791023254395 0.05471380190415816
0 0.3518518447875977 0.02735690095207908 0.027777767181396483 0.05471380190415816
0 0.3657407283782959 0.02735690095207908 0.03703703880310059 0.05471380190415816
0 0.375 0.02735690095207908 0.03703703880310059 0.05471380190415816
0 0.3842592477798462 0.02735690095207908 0.03703703880310059 0.05471380190415816
0 0.3981481552124023 0.02735690095207908 0.027777791023254395 0.05471380190415816
0 0.3981481552124023 0.02735690095207908 0.046296310424804685 0.05471380190415816
0 0.4074073791503906 0.02735690095207908 0.04629628658294678 0.05471380190415816
0 0.4444444179534912 0.02735690095207908 0.027777767181396483 0.05471380190415816
0 0.4537036895751953 0.02735690095207908 0.027777767181396483 0.05471380190415816
0 0.44907407760620116 0.02735690095207908 0.055555534362792966 0.05471380190415816
0 0.4629629135131836 0.02735690095207908 0.06481480598449707 0.05471380190415816
0 0.48611106872558596 0.02735690095207908 0.05555558204650879 0.05471380190415816
0 0.49537038803100586 0.035774409770965576 0.05555558204650879 0.07154881954193115
0 0.5138888835906983 0.044191918589852074 0.09259262084960937 0.08838383717970415
0 0.5231481552124023 0.02735690095207908 0.09259257316589356 0.05471380190415816
0 0.5740740776062012 0.02735690095207908 0.13888888359069823 0.05471380190415816
0 0.6203703880310059 0.02735690095207908 0.027777814865112306 0.05471380190415816
0 0.6342592239379883 0.02735690095207908 0.03703703880310059 0.05471380190415816
0 0.6388888835906983 0.035774409770965576 0.027777767181396483 0.07154881954193115
0 0.6481481552124023 0.02735690095207908 0.027777767181396483 0.05471380190415816
0 0.6527777671813965 0.035774409770965576 0.037036991119384764 0.07154881954193115
0 0.6666666507720947 0.035774409770965576 0.027777767181396483 0.07154881954193115
0 0.6851851463317871 0.02735690095207908 0.027777814865112306 0.05471380190415816
0 0.7037036895751954 0.02735690095207908 0.027777767181396483 0.05471380190415816
0 0.7129629611968994 0.02735690095207908 0.027777767181396483 0.05471380190415816
0 0.7268518447875977 0.02735690095207908 0.03703703880310059 0.05471380190415816
0 0.7453703880310059 0.02735690095207908 0.03703703880310059 0.05471380190415816
0 0.7546296119689941 0.02735690095207908 0.03703703880310059 0.05471380190415816
0 0.7638888359069824 0.02735690095207908 0.03703703880310059 0.05471380190415816
0 0.7777777671813965 0.02735690095207908 0.027777767181396483 0.05471380190415816
0 0.7962962627410889 0.02735690095207908 0.027777767181396483 0.05471380190415816
0 0.8009259223937988 0.035774409770965576 0.055555534362792966 0.07154881954193115
0 0.8101851463317871 0.044191918589852074 0.055555534362792966 0.08838383717970415
0 0.8240739822387695 0.02735690095207908 0.08333330154418946 0.05471380190415816
0 0.8472221374511719 0.02735690095207908 0.037036991119384764 0.05471380190415816
0 0.861111068725586 0.02735690095207908 0.027777767181396483 0.05471380190415816
0 0.875 0.02735690095207908 0.055555534362792966 0.05471380190415816
0 0.8935184478759766 0.02735690095207908 0.05555562973022461 0.05471380190415816
0 0.9074073791503906 0.02735690095207908 0.06481475830078125 0.05471380190415816
0 0.9120369911193847 0.0189393934878436 0.055555534362792966 0.0378787869756872
0 0.9166666030883789 0.02735690095207908 0.046296215057373045 0.05471380190415816
0 0.9259259223937988 0.0189393934878436 0.046296310424804685 0.0378787869756872
0 0.9444444656372071 0.05260942740873857 0.027777767181396483 0.10521885481747714
0 0.9537036895751954 0.05260942740873857 0.08333339691162109 0.10521885481747714
0 0.9837963104248046 0.02735690095207908 0.032407379150390624 0.05471380190415816
0 0.9930555343627929 0.02735690095207908 0.013888931274414063 0.05471380190415816
0 0.03240740597248078 0.02735690095207908 0.03703703284263611 0.05471380190415816
0 0.04166666567325592 0.06102693622762507 0.03703703284263611 0.12205387245525014
0 0.04166666567325592 0.035774409770965576 0.03703703284263611 0.07154881954193115
0 0.050925922393798825 0.035774409770965576 0.037037035822868346 0.07154881954193115
0 0.06018518209457398 0.035774409770965576 0.037037035822868346 0.07154881954193115
0 0.07870370149612427 0.035774409770965576 0.05555555820465088 0.07154881954193115
0 0.09259259104728698 0.035774409770965576 0.04629629850387573 0.07154881954193115
0 0.10648148059844971 0.035774409770965576 0.03703703880310059 0.07154881954193115
0 0.12962963581085205 0.035774409770965576 0.04629629850387573 0.07154881954193115
0 0.13888888359069823 0.044191918589852074 0.06481481790542602 0.08838383717970415
0 0.15740740299224854 0.044191918589852074 0.06481480598449707 0.08838383717970415
0 0.18981480598449707 0.035774409770965576 0.03703702688217163 0.07154881954193115
0 0.19907407760620116 0.035774409770965576 0.055555546283721925 0.07154881954193115
0 0.21296296119689942 0.035774409770965576 0.046296310424804685 0.07154881954193115
0 0.23611111640930177 0.035774409770965576 0.03703703880310059 0.07154881954193115
0 0.24537036418914795 0.035774409770965576 0.03703703880310059 0.07154881954193115
0 0.2546296358108521 0.035774409770965576 0.03703703880310059 0.07154881954193115
0 0.26388888359069823 0.035774409770965576 0.03703703880310059 0.07154881954193115
0 0.27777776718139646 0.035774409770965576 0.04629628658294678 0.07154881954193115
0 0.2870370388031006 0.035774409770965576 0.04629628658294678 0.07154881954193115
0 0.31944444179534914 0.035774409770965576 0.03703703880310059 0.07154881954193115
0 0.32407407760620116 0.02735690095207908 0.027777791023254395 0.05471380190415816
0 0.3333333253860474 0.035774409770965576 0.027777767181396483 0.07154881954193115
0 0.34259257316589353 0.035774409770965576 0.04629628658294678 0.07154881954193115
0 0.3518518447875977 0.035774409770965576 0.046296310424804685 0.07154881954193115
0 0.3657407283782959 0.035774409770965576 0.03703703880310059 0.07154881954193115
0 0.37962961196899414 0.035774409770965576 0.04629628658294678 0.07154881954193115
0 0.41666665077209475 0.02735690095207908 0.027777767181396483 0.05471380190415816
0 0.4212963104248047 0.02735690095207908 0.018518495559692382 0.05471380190415816
0 0.430555534362793 0.02735690095207908 0.03703703880310059 0.05471380190415816
0 0.4629629611968994 0.02735690095207908 0.027777767181396483 0.05471380190415816
0 0.47222223281860354 0.02735690095207908 0.027777814865112306 0.05471380190415816
0 0.4814814567565918 0.02735690095207908 0.027777767181396483 0.05471380190415816
0 0.4907407283782959 0.02735690095207908 0.027777767181396483 0.05471380190415816
0 0.5 0.02735690095207908 0.027777767181396483 0.05471380190415816
0 0.5092592239379883 0.035774409770965576 0.06481480598449707 0.07154881954193115
0 0.5324073791503906 0.035774409770965576 0.05555558204650879 0.07154881954193115
0 0.5416666984558105 0.02735690095207908 0.03703703880310059 0.05471380190415816
0 0.5509259223937988 0.035774409770965576 0.055555534362792966 0.07154881954193115
0 0.5601851463317871 0.035774409770965576 0.03703703880310059 0.07154881954193115
0 0.5694444656372071 0.02735690095207908 0.03703703880310059 0.05471380190415816
0 0.5787036895751954 0.02735690095207908 0.03703703880310059 0.05471380190415816
0 0.5648148059844971 0.035774409770965576 0.0648148536682129 0.07154881954193115
0 0.5925926208496094 0.035774409770965576 0.08333334922790528 0.07154881954193115
0 0.6296296119689941 0.035774409770965576 0.046296310424804685 0.07154881954193115
0 0.6620369911193847 0.035774409770965576 0.03703703880310059 0.07154881954193115
0 0.6712963104248046 0.035774409770965576 0.03703703880310059 0.07154881954193115
0 0.6805555343627929 0.035774409770965576 0.03703703880310059 0.07154881954193115
0 0.6898147583007812 0.035774409770965576 0.03703703880310059 0.07154881954193115
0 0.6990740776062012 0.035774409770965576 0.03703703880310059 0.07154881954193115
0 0.7129629611968994 0.035774409770965576 0.046296310424804685 0.07154881954193115
0 0.7268518447875977 0.044191918589852074 0.055555534362792966 0.08838383717970415
0 0.736111068725586 0.035774409770965576 0.05555558204650879 0.07154881954193115
0 0.7453703880310059 0.035774409770965576 0.03703703880310059 0.07154881954193115
0 0.7731481552124023 0.035774409770965576 0.03703703880310059 0.07154881954193115
0 0.7824073791503906 0.035774409770965576 0.03703703880310059 0.07154881954193115
0 0.7962962627410889 0.035774409770965576 0.027777767181396483 0.07154881954193115
0 0.8009259223937988 0.05260942740873857 0.037037086486816403 0.10521885481747714
0 0.8194444656372071 0.035774409770965576 0.037036991119384764 0.07154881954193115
0 0.8379629135131836 0.035774409770965576 0.018518543243408202 0.07154881954193115
0 0.8657407760620117 0.02735690095207908 0.037036991119384764 0.05471380190415816
0 0.8796296119689941 0.02735690095207908 0.027777862548828126 0.05471380190415816
0 0.8935184478759766 0.02735690095207908 0.037036991119384764 0.05471380190415816
0 0.9074073791503906 0.06102693622762507 0.06481475830078125 0.12205387245525014
0 0.9212963104248046 0.06102693622762507 0.055555534362792966 0.12205387245525014
0 0.9398147583007812 0.07786195386539806 0.037036991119384764 0.1557239077307961
0 0.9537036895751954 0.06102693622762507 0.06481475830078125 0.12205387245525014
0 0.9745370864868164 0.05260942740873857 0.050925922393798825 0.10521885481747714
0 0.04398148059844971 0.044191918589852074 0.08796296119689942 0.08838383717970415
0 0.01620370298624039 0.05471380190415816 0.03240740597248078 0.0673400651324879
0 0.03240740597248078 0.044191918589852074 0.03703703284263611 0.08838383717970415
0 0.04166666567325592 0.15361952781677246 0.03703703284263611 0.3072390556335449
0 0.046296292543411256 0.035774409770965576 0.0277777761220932 0.07154881954193115
0 0.06481481194496155 0.06944444504651157 0.04629629552364349 0.13888889009302313
0 0.07407407164573669 0.07154881954193115 0.04629629850387573 0.13468014110218396
0 0.08796296119689942 0.06944444504651157 0.05555555820465088 0.13888889009302313
0 0.10185184478759765 0.035774409770965576 0.04629629850387573 0.07154881954193115
0 0.11574074029922485 0.035774409770965576 0.03703703880310059 0.07154881954193115
0 0.125 0.035774409770965576 0.03703703880310059 0.07154881954193115
0 0.15277777910232543 0.04629629308527166 0.03703703880310059 0.0841750827702609
0 0.1666666626930237 0.044191918589852074 0.06481480598449707 0.08838383717970415
0 0.18518518209457396 0.035774409770965576 0.04629628658294678 0.07154881954193115
0 0.18981480598449707 0.035774409770965576 0.03703702688217163 0.07154881954193115
0 0.19907407760620116 0.035774409770965576 0.03703703880310059 0.07154881954193115
0 0.20833332538604737 0.044191918589852074 0.03703703880310059 0.08838383717970415
0 0.2222222328186035 0.044191918589852074 0.06481482982635497 0.08838383717970415
0 0.23611111640930177 0.044191918589852074 0.05555555820465088 0.08838383717970415
0 0.26851849555969237 0.044191918589852074 0.04629628658294678 0.08838383717970415
0 0.2731481552124023 0.044191918589852074 0.037037014961242676 0.08838383717970415
0 0.28240740299224854 0.05260942740873857 0.03703703880310059 0.10521885481747714
0 0.30092592239379884 0.044191918589852074 0.055555534362792966 0.08838383717970415
0 0.31481480598449707 0.044191918589852074 0.046296310424804685 0.08838383717970415
0 0.32407407760620116 0.044191918589852074 0.04629628658294678 0.08838383717970415
0 0.34259257316589353 0.05260942740873857 0.06481482982635497 0.10521885481747714
0 0.36111111640930177 0.035774409770965576 0.04629628658294678 0.07154881954193115
0 0.375 0.044191918589852074 0.03703703880310059 0.08838383717970415
0 0.3935185194015503 0.044191918589852074 0.05555558204650879 0.08838383717970415
0 0.4120370388031006 0.05471380190415816 0.037037014961242676 0.0673400651324879
0 0.4212963104248047 0.04629629308527166 0.03703703880310059 0.0841750827702609
0 0.44907407760620116 0.044191918589852074 0.03703703880310059 0.08838383717970415
0 0.5370370388031006 0.05471380190415816 0.046296310424804685 0.0673400651324879
0 0.5416666984558105 0.0378787869756872 0.03703703880310059 0.03367002985694192
0 0.5555555343627929 0.05471380190415816 0.046296310424804685 0.0673400651324879
0 0.5648148059844971 0.05471380190415816 0.046296310424804685 0.0673400651324879
0 0.5925926208496094 0.05471380190415816 0.06481480598449707 0.0673400651324879
0 0.5925926208496094 0.07154881954193115 0.06481480598449707 0.13468014110218396
0 0.6064814567565918 0.06944444504651157 0.05555558204650879 0.13888889009302313
0 0.625 0.035774409770965576 0.03703703880310059 0.07154881954193115
0 0.625 0.02735690095207908 0.055555534362792966 0.05471380190415816
0 0.6342592239379883 0.02735690095207908 0.03703703880310059 0.05471380190415816
0 0.6481481552124023 0.07786195386539806 0.04629626274108887 0.1557239077307961
0 0.6574073791503906 0.07786195386539806 0.04629626274108887 0.1557239077307961
0 0.6666666507720947 0.044191918589852074 0.046296310424804685 0.08838383717970415
0 0.6759259223937988 0.035774409770965576 0.046296310424804685 0.07154881954193115
0 0.7129629135131836 0.06944444504651157 0.06481480598449707 0.13888889009302313
0 0.7453703880310059 0.02735690095207908 0.05555558204650879 0.05471380190415816
0 0.7685184955596924 0.044191918589852074 0.046296310424804685 0.08838383717970415
0 0.7824073791503906 0.15361952781677246 0.055555534362792966 0.3072390556335449
0 0.7824073791503906 0.02735690095207908 0.03703703880310059 0.05471380190415816
0 0.8101851463317871 0.044191918589852074 0.03703703880310059 0.08838383717970415
0 0.8148147583007812 0.05471380190415816 0.04629626274108887 0.0673400651324879
0 0.8287036895751954 0.05471380190415816 0.037037086486816403 0.0673400651324879
0 0.8333333015441895 0.0378787869756872 0.046296310424804685 0.03367002985694192
0 0.8425926208496094 0.06313131072304466 0.046296215057373045 0.0841750827702609
0 0.8657407760620117 0.15361952781677246 0.037036991119384764 0.3072390556335449
0 0.8796296119689941 0.05471380190415816 0.046296310424804685 0.0673400651324879
0 0.8842592239379883 0.05471380190415816 0.037037086486816403 0.03367003256624395
0 0.8935184478759766 0.0378787869756872 0.037036991119384764 0.03367002985694192
0 0.8935184478759766 0.06313131072304466 0.05555562973022461 0.05050505291331898
0 0.9074073791503906 0.15361952781677246 0.06481475830078125 0.3072390556335449
0 0.9212963104248046 0.15361952781677246 0.055555534362792966 0.3072390556335449
0 0.9305555343627929 0.15361952781677246 0.037037086486816403 0.3072390556335449
0 0.9351851463317871 0.15361952781677246 0.009259223937988281 0.3072390556335449
0 0.9444444656372071 0.15361952781677246 0.009259319305419922 0.3072390556335449
0 0.9675926208496094 0.15361952781677246 0.037036991119384764 0.3072390556335449
0 0.9768518447875977 0.15361952781677246 0.037037086486816403 0.3072390556335449
0 0.9745370864868164 0.15361952781677246 0.050925922393798825 0.3072390556335449
0 0.9837963104248046 0.044191918589852074 0.032407379150390624 0.08838383717970415
0 0.9837963104248046 0.07786195386539806 0.032407379150390624 0.1557239077307961
0 0.04398148059844971 0.06313131072304466 0.08796296119689942 0.05050505291331898
0 0.039351850748062134 0.07154881954193115 0.07870370149612427 0.06734007055109198
0 0.037037035822868346 0.07154881954193115 0.046296292543411256 0.06734007055109198
0 0.050925922393798825 0.07154881954193115 0.037037035822868346 0.06734007055109198
0 0.06481481194496155 0.08838383717970415 0.04629629552364349 0.10101010582663796
0 0.07407407164573669 0.08838383717970415 0.02777777910232544 0.10101010582663796
0 0.08333333134651184 0.08838383717970415 0.04629629850387573 0.10101010582663796
