0 0.04398148059844971 0.0189393934878436 0.08796296119689942 0.0378787869756872
0 0.04861111044883728 0.0189393934878436 0.09722222089767456 0.0378787869756872
0 0.07407407164573669 0.0189393934878436 0.08333333730697631 0.0378787869756872
0 0.10185184478759765 0.0189393934878436 0.08333333730697631 0.0378787869756872
0 0.18055555820465088 0.0189393934878436 0.11111111640930176 0.0378787869756872
0 0.2222222328186035 0.0189393934878436 0.08333332538604736 0.0378787869756872
0 0.2407407283782959 0.0189393934878436 0.08333333730697631 0.0378787869756872
0 0.2407407283782959 0.0189393934878436 0.04629628658294678 0.0378787869756872
0 0.26388888359069823 0.0189393934878436 0.09259257316589356 0.0378787869756872
0 0.21759259700775146 0.02735690095207908 0.2037036895751953 0.05471380190415816
0 0.2685185194015503 0.02735690095207908 0.1388888955116272 0.05471380190415816
0 0.28240740299224854 0.02735690095207908 0.12962961196899414 0.05471380190415816
0 0.375 0.0189393934878436 0.11111109256744385 0.0378787869756872
0 0.3981481552124023 0.0189393934878436 0.08333332538604736 0.0378787869756872
0 0.39351849555969237 0.0189393934878436 0.14814813137054444 0.0378787869756872
0 0.42592592239379884 0.0189393934878436 0.12037038803100586 0.0378787869756872
0 0.4351851463317871 0.02735690095207908 0.12037034034729004 0.05471380190415816
0 0.4629629611968994 0.035774409770965576 0.12037038803100586 0.07154881954193115
0 0.48611106872558596 0.02735690095207908 0.11111111640930176 0.05471380190415816
0 0.5092592239379883 0.02735690095207908 0.08333334922790528 0.05471380190415816
0 0.5185185432434082 0.0189393934878436 0.08333334922790528 0.0378787869756872
0 0.5277777671813965 0.02735690095207908 0.10185184478759765 0.05471380190415816
0 0.5138888835906983 0.02735690095207908 0.14814815521240235 0.05471380190415816
0 0.5462963104248046 0.02735690095207908 0.12037034034729004 0.05471380190415816
0 0.5648148059844971 0.02735690095207908 0.12037038803100586 0.05471380190415816
0 0.5833333015441895 0.02735690095207908 0.13888888359069823 0.05471380190415816
0 0.6388888835906983 0.0189393934878436 0.12037038803100586 0.0378787869756872
0 0.6481481552124023 0.0189393934878436 0.12037034034729004 0.0378787869756872
0 0.6759259223937988 0.0189393934878436 0.08333330154418946 0.0378787869756872
0 0.625 0.0189393934878436 0.2037036895751953 0.0378787869756872
0 0.6342592239379883 0.02735690095207908 0.20370373725891114 0.05471380190415816
0 0.7037036895751954 0.02735690095207908 0.12037038803100586 0.05471380190415816
0 0.7175925731658935 0.0189393934878436 0.14814815521240235 0.0378787869756872
0 0.736111068725586 0.02735690095207908 0.1481481075286865 0.05471380190415816
0 0.7685184955596924 0.02735690095207908 0.12037038803100586 0.05471380190415816
0 0.7777777671813965 0.035774409770965576 0.12037034034729004 0.07154881954193115
0 0.8055555343627929 0.0189393934878436 0.08333334922790528 0.0378787869756872
0 0.75 0.0189393934878436 0.21296296119689942 0.0378787869756872
0 0.7870369911193847 0.0189393934878436 0.15740737915039063 0.0378787869756872
0 0.8148147583007812 0.0189393934878436 0.12037038803100586 0.0378787869756872
0 0.8425926208496094 0.02735690095207908 0.12037038803100586 0.05471380190415816
0 0.8703702926635742 0.035774409770965576 0.08333330154418946 0.07154881954193115
0 0.8425926208496094 0.02735690095207908 0.15740742683410644 0.05471380190415816
0 0.8796296119689941 0.02735690095207908 0.12037029266357421 0.05471380190415816
0 0.8935184478759766 0.02735690095207908 0.037036991119384764 0.05471380190415816
0 0.9212963104248046 0.02735690095207908 0.12962961196899414 0.05471380190415816
0 0.9606481552124023 0.0189393934878436 0.07870368957519532 0.0378787869756872
0 0.9699073791503906 0.0189393934878436 0.06018524169921875 0.0378787869756872
0 0.039351850748062134 0.02735690095207908 0.07870370149612427 0.05471380190415816
0 0.0555555522441864 0.02735690095207908 0.08333333134651184 0.05471380190415816
0 0.08333333134651184 0.02735690095207908 0.08333333730697631 0.05471380190415816
0 0.10185184478759765 0.02735690095207908 0.08333333730697631 0.05471380190415816
0 0.12037036418914795 0.02735690095207908 0.08333333730697631 0.05471380190415816
0 0.12037036418914795 0.02735690095207908 0.12037037611007691 0.05471380190415816
0 0.14814814329147338 0.02735690095207908 0.10185184478759765 0.05471380190415816
0 0.17592592239379884 0.02735690095207908 0.08333333730697631 0.05471380190415816
0 0.18518518209457396 0.010521885346282612 0.08333332538604736 0.021043770692565224
0 0.2037036895751953 0.010521885346282612 0.08333332538604736 0.021043770692565224
0 0.2222222328186035 0.010521885346282612 0.08333332538604736 0.021043770692565224
0 0.25 0.02735690095207908 0.08333332538604736 0.05471380190415816
0 0.23611111640930177 0.010521885346282612 0.018518519401550294 0.021043770692565224
0 0.31481480598449707 0.02735690095207908 0.08333332538604736 0.05471380190415816
0 0.3333333253860474 0.02735690095207908 0.10185184478759765 0.05471380190415816
0 0.3518518447875977 0.02735690095207908 0.08333334922790528 0.05471380190415816
0 0.4074073791503906 0.02735690095207908 0.08333334922790528 0.05471380190415816
0 0.41666665077209475 0.02735690095207908 0.08333330154418946 0.05471380190415816
0 0.42592592239379884 0.02735690095207908 0.08333332538604736 0.05471380190415816
0 0.43518519401550293 0.02735690095207908 0.08333332538604736 0.05471380190415816
0 0.444444465637207 0.02735690095207908 0.08333334922790528 0.05471380190415816
0 0.4629629611968994 0.02735690095207908 0.08333330154418946 0.05471380190415816
0 0.5277777671813965 0.02735690095207908 0.08333330154418946 0.05471380190415816
0 0.5370369911193847 0.02735690095207908 0.08333334922790528 0.05471380190415816
0 0.5555555343627929 0.02735690095207908 0.08333334922790528 0.05471380190415816
0 0.5740740776062012 0.02735690095207908 0.08333334922790528 0.05471380190415816
0 0.5925926208496094 0.02735690095207908 0.08333334922790528 0.05471380190415816
0 0.6064814567565918 0.02735690095207908 0.09259257316589356 0.05471380190415816
0 0.6296296119689941 0.02735690095207908 0.08333330154418946 0.05471380190415816
0 0.6481481552124023 0.0189393934878436 0.08333334922790528 0.0378787869756872
0 0.6574073791503906 0.010521885346282612 0.08333334922790528 0.021043770692565224
0 0.6805555343627929 0.02735690095207908 0.09259257316589356 0.05471380190415816
0 0.7037036895751954 0.02735690095207908 0.08333330154418946 0.05471380190415816
0 0.7129629135131836 0.02735690095207908 0.08333334922790528 0.05471380190415816
0 0.7407407283782959 0.02735690095207908 0.08333330154418946 0.05471380190415816
0 0.75 0.02735690095207908 0.10185184478759765 0.05471380190415816
0 0.7592592239379883 0.02735690095207908 0.10185184478759765 0.05471380190415816
0 0.7870369911193847 0.02735690095207908 0.08333334922790528 0.05471380190415816
0 0.8148147583007812 0.02735690095207908 0.08333330154418946 0.05471380190415816
0 0.8333333015441895 0.02735690095207908 0.08333334922790528 0.05471380190415816
0 0.888888931274414 0.02735690095207908 0.08333330154418946 0.05471380190415816
0 0.9027777671813965 0.02735690095207908 0.018518447875976562 0.05471380190415816
0 0.9074073791503906 0.02735690095207908 0.027777767181396483 0.05471380190415816
0 0.9027777671813965 0.035774409770965576 0.055555534362792966 0.07154881954193115
0 0.9421296119689941 0.02735690095207908 0.11574077606201172 0.05471380190415816
0 0.9467592239379883 0.02735690095207908 0.10648145675659179 0.05471380190415816
0 0.9606481552124023 0.02735690095207908 0.07870368957519532 0.05471380190415816
0 0.9745370864868164 0.02735690095207908 0.050925922393798825 0.05471380190415816
0 0.9791666030883789 0.010521885346282612 0.041666698455810544 0.021043770692565224
0 0.9837963104248046 0.010521885346282612 0.032407379150390624 0.021043770692565224
0 0.9745370864868164 0.010521885346282612 0.050925922393798825 0.021043770692565224
0 0.039351850748062134 0.0189393934878436 0.07870370149612427 0.0378787869756872
0 0.037037035822868346 0.035774409770965576 0.027777773141860963 0.07154881954193115
0 0.046296292543411256 0.035774409770965576 0.0277777761220932 0.07154881954193115
0 0.06018518209457398 0.02735690095207908 0.018518519401550294 0.05471380190415816
0 0.11111111640930176 0.035774409770965576 0.08333333730697631 0.07154881954193115
0 0.125 0.0189393934878436 0.09259259700775146 0.0378787869756872
0 0.11111111640930176 0.0189393934878436 0.02777777910232544 0.0378787869756872
0 0.11574074029922485 0.02735690095207908 0.03703703880310059 0.05471380190415816
0 0.125 0.02735690095207908 0.018518519401550294 0.05471380190415816
0 0.13425925970077515 0.02735690095207908 0.018518519401550294 0.05471380190415816
0 0.14814815521240235 0.02735690095207908 0.02777777910232544 0.05471380190415816
0 0.15740740299224854 0.02735690095207908 0.02777777910232544 0.05471380190415816
0 0.17129629850387573 0.02735690095207908 0.018518519401550294 0.05471380190415816
0 0.18055555820465088 0.02735690095207908 0.018518507480621338 0.05471380190415816
0 0.18981480598449707 0.02735690095207908 0.018518507480621338 0.05471380190415816
0 0.19444444179534912 0.02735690095207908 0.027777767181396483 0.05471380190415816
0 0.2037036895751953 0.02735690095207908 0.027777791023254395 0.05471380190415816
0 0.21759257316589356 0.02735690095207908 0.018518519401550294 0.05471380190415816
0 0.23611111640930177 0.035774409770965576 0.05555555820465088 0.07154881954193115
0 0.26388888359069823 0.035774409770965576 0.09259257316589356 0.07154881954193115
0 0.27777776718139646 0.035774409770965576 0.08333332538604736 0.07154881954193115
0 0.2962963104248047 0.035774409770965576 0.08333332538604736 0.07154881954193115
0 0.31481480598449707 0.035774409770965576 0.08333332538604736 0.07154881954193115
0 0.3333333253860474 0.035774409770965576 0.08333334922790528 0.07154881954193115
0 0.34259257316589353 0.035774409770965576 0.08333332538604736 0.07154881954193115
0 0.3518518447875977 0.0189393934878436 0.08333334922790528 0.0378787869756872
0 0.34259257316589353 0.0189393934878436 0.027777791023254395 0.0378787869756872
0 0.375 0.02735690095207908 0.09259262084960937 0.05471380190415816
0 0.39351849555969237 0.02735690095207908 0.09259259700775146 0.05471380190415816
0 0.42592592239379884 0.0189393934878436 0.08333332538604736 0.0378787869756872
0 0.41666665077209475 0.0189393934878436 0.04629628658294678 0.0378787869756872
0 0.444444465637207 0.035774409770965576 0.08333334922790528 0.07154881954193115
0 0.4351851463317871 0.02735690095207908 0.04629626274108887 0.05471380190415816
0 0.45833330154418944 0.035774409770965576 0.05555558204650879 0.07154881954193115
0 0.4629629611968994 0.035774409770965576 0.08333330154418946 0.07154881954193115
0 0.49537038803100586 0.035774409770965576 0.12962965965270995 0.07154881954193115
0 0.5462963104248046 0.0189393934878436 0.08333334922790528 0.0378787869756872
0 0.5740740776062012 0.035774409770965576 0.10185184478759765 0.07154881954193115
0 0.6064814567565918 0.035774409770965576 0.09259257316589356 0.07154881954193115
0 0.6388888835906983 0.0189393934878436 0.08333330154418946 0.0378787869756872
0 0.6574073791503906 0.02735690095207908 0.08333334922790528 0.05471380190415816
0 0.6435185432434082 0.02735690095207908 0.018518495559692382 0.05471380190415816
0 0.6805555343627929 0.0189393934878436 0.09259257316589356 0.0378787869756872
0 0.7129629135131836 0.0189393934878436 0.08333334922790528 0.0378787869756872
0 0.7129629611968994 0.035774409770965576 0.12037038803100586 0.07154881954193115
0 0.7777777671813965 0.035774409770965576 0.08333334922790528 0.07154881954193115
0 0.7962963104248046 0.035774409770965576 0.10185189247131347 0.07154881954193115
0 0.8194444656372071 0.035774409770965576 0.09259252548217774 0.07154881954193115
0 0.8194444656372071 0.035774409770965576 0.037036991119384764 0.07154881954193115
0 0.861111068725586 0.035774409770965576 0.08333330154418946 0.07154881954193115
0 0.8796296119689941 0.035774409770965576 0.08333339691162109 0.07154881954193115
0 0.8981481552124023 0.035774409770965576 0.08333330154418946 0.07154881954193115
0 0.8703702926635742 0.044191918589852074 0.0648148536682129 0.08838383717970415
0 0.9259258270263672 0.044191918589852074 0.12037038803100586 0.08838383717970415
0 0.9606481552124023 0.035774409770965576 0.07870368957519532 0.07154881954193115
0 0.9699073791503906 0.035774409770965576 0.06018524169921875 0.07154881954193115
0 0.9814815521240234 0.035774409770965576 0.027777767181396483 0.07154881954193115
0 0.9930555343627929 0.035774409770965576 0.013888931274414063 0.07154881954193115
0 0.9745370864868164 0.035774409770965576 0.050925922393798825 0.07154881954193115
0 0.039351850748062134 0.044191918589852074 0.07870370149612427 0.08838383717970415
0 0.04629629552364349 0.044191918589852074 0.08333333134651184 0.08838383717970415
0 0.0555555522441864 0.04629629308527166 0.08333333134651184 0.0841750827702609
0 0.07407407164573669 0.04629629308527166 0.08333333730697631 0.0841750827702609
0 0.0555555522441864 0.04629629308527166 0.0277777761220932 0.0841750827702609
0 0.06481481194496155 0.04629629308527166 0.02777777910232544 0.0841750827702609
0 0.10185184478759765 0.15361952781677246 0.08333333730697631 0.3072390556335449
0 0.09259259104728698 0.035774409770965576 0.02777777910232544 0.07154881954193115
0 0.12962963581085205 0.04629629308527166 0.08333333730697631 0.0841750827702609
0 0.11111111640930176 0.04629629308527166 0.02777777910232544 0.0841750827702609
0 0.12037036418914795 0.06944444504651157 0.02777777910232544 0.13888889009302313
0 0.125 0.035774409770965576 0.018518519401550294 0.07154881954193115
0 0.1435185194015503 0.15361952781677246 0.03703703880310059 0.3072390556335449
0 0.17592592239379884 0.15361952781677246 0.08333333730697631 0.3072390556335449
0 0.19444444179534912 0.044191918589852074 0.08333333730697631 0.08838383717970415
0 0.19444444179534912 0.04629629308527166 0.10185184478759765 0.0841750827702609
0 0.20370371341705323 0.05260942740873857 0.10185185670852662 0.10521885481747714
0 0.19444444179534912 0.05260942740873857 0.027777767181396483 0.10521885481747714
0 0.2037036895751953 0.15361952781677246 0.027777791023254395 0.3072390556335449
0 0.21759259700775146 0.05260942740873857 0.03703705072402954 0.10521885481747714
0 0.25 0.15361952781677246 0.08333332538604736 0.3072390556335449
0 0.26851849555969237 0.15361952781677246 0.08333332538604736 0.3072390556335449
0 0.27777776718139646 0.05260942740873857 0.08333332538604736 0.10521885481747714
0 0.305555534362793 0.05471380190415816 0.08333332538604736 0.0673400651324879
0 0.31481480598449707 0.05260942740873857 0.08333332538604736 0.10521885481747714
0 0.32407407760620116 0.15361952781677246 0.08333332538604736 0.3072390556335449
0 0.34259257316589353 0.15361952781677246 0.08333332538604736 0.3072390556335449
0 0.3518518447875977 0.044191918589852074 0.08333334922790528 0.08838383717970415
0 0.3657407283782959 0.044191918589852074 0.07407407760620117 0.08838383717970415
0 0.375 0.05471380190415816 0.07407407760620117 0.10101010582663796
0 0.38888888359069823 0.05471380190415816 0.08333332538604736 0.10101010582663796
0 0.3981481552124023 0.06313131072304466 0.08333332538604736 0.0841750827702609
0 0.3842592716217041 0.06313131072304466 0.05555555820465088 0.0841750827702609
0 0.3981481552124023 0.06313131072304466 0.046296310424804685 0.0841750827702609
0 0.40277776718139646 0.05471380190415816 0.055555534362792966 0.0673400651324879
0 0.43518519401550293 0.06313131072304466 0.08333332538604736 0.0841750827702609
0 0.4351851463317871 0.05471380190415816 0.13888888359069823 0.0673400651324879
0 0.4537036895751953 0.06313131072304466 0.13888890743255616 0.0841750827702609
0 0.48611111640930177 0.06313131072304466 0.12962961196899414 0.0841750827702609
0 0.5046296119689941 0.05471380190415816 0.12962961196899414 0.0673400651324879
0 0.5324073791503906 0.05471380190415816 0.12962965965270995 0.0673400651324879
0 0.5601851463317871 0.05471380190415816 0.018518495559692382 0.0673400651324879
0 0.5972222328186035 0.05471380190415816 0.07407407760620117 0.0673400651324879
0 0.611111068725586 0.05471380190415816 0.08333334922790528 0.0673400651324879
0 0.5833333015441895 0.05471380190415816 0.027777814865112306 0.0673400651324879
0 0.6018518447875977 0.05471380190415816 0.027777767181396483 0.0673400651324879
0 0.6388888835906983 0.05471380190415816 0.08333330154418946 0.0673400651324879
0 0.6527777671813965 0.06313131072304466 0.07407407760620117 0.0841750827702609
0 0.6620370388031006 0.05471380190415816 0.07407407760620117 0.0673400651324879
0 0.6435185432434082 0.044191918589852074 0.018518495559692382 0.08838383717970415
0 0.6481481552124023 0.15361952781677246 0.04629626274108887 0.3072390556335449
0 0.6574073791503906 0.05471380190415816 0.027777767181396483 0.0673400651324879
0 0.6712963104248046 0.05471380190415816 0.018518495559692382 0.0673400651324879
0 0.6805555343627929 0.05471380190415816 0.018518543243408202 0.0673400651324879
0 0.6712963104248046 0.06313131072304466 0.07407402992248535 0.0841750827702609
0 0.7129629135131836 0.07154881954193115 0.13888888359069823 0.10101010582663796
0 0.7546296119689941 0.06313131072304466 0.09259262084960937 0.0841750827702609
0 0.7777777671813965 0.05471380190415816 0.08333334922790528 0.0673400651324879
0 0.7824073791503906 0.06313131072304466 0.12962965965270995 0.0841750827702609
0 0.8194444656372071 0.06313131072304466 0.07407407760620117 0.0841750827702609
0 0.8333333015441895 0.06313131072304466 0.08333334922790528 0.0841750827702609
0 0.8240740776062012 0.06313131072304466 0.12037034034729004 0.0841750827702609
0 0.861111068725586 0.05260942740873857 0.046296310424804685 0.10521885481747714
0 0.8703702926635742 0.06313131072304466 0.12037038803100586 0.0841750827702609
0 0.8564815521240234 0.06313131072304466 0.07407407760620117 0.0841750827702609
0 0.8703702926635742 0.06313131072304466 0.0648148536682129 0.0841750827702609
0 0.8981481552124023 0.05260942740873857 0.027777767181396483 0.10521885481747714
0 0.9074073791503906 0.05260942740873857 0.027777767181396483 0.10521885481747714
0 0.9259258270263672 0.05260942740873857 0.027777767181396483 0.10521885481747714
0 0.9606481552124023 0.05471380190415816 0.07870368957519532 0.10101010582663796
0 0.9745370864868164 0.06313131072304466 0.050925922393798825 0.0841750827702609
0 0.9768518447875977 0.06313131072304466 0.018518447875976562 0.0841750827702609
0 0.9722222328186035 0.06313131072304466 0.046296310424804685 0.0841750827702609
0 0.9699073791503906 0.05471380190415816 0.06018524169921875 0.10101010582663796
0 0.039351850748062134 0.05260942740873857 0.07870370149612427 0.10521885481747714
0 0.04629629552364349 0.06313131072304466 0.08333333134651184 0.0841750827702609
0 0.06944444179534912 0.07154881954193115 0.07407407760620117 0.10101010582663796
0 0.08333333134651184 0.07154881954193115 0.08333333730697631 0.10101010582663796
0 0.09259259104728698 0.06313131072304466 0.08333333730697631 0.0841750827702609
0 0.10185184478759765 0.05471380190415816 0.08333333730697631 0.10101010582663796
0 0.11111111640930176 0.06313131072304466 0.08333333730697631 0.11784512346441095
0 0.13888888359069823 0.06102693622762507 0.08333333730697631 0.12205387245525014
0 0.11574074029922485 0.16203703663565897 0.05555555820465088 0.32407407327131793
0 0.09953703284263611 0.16203703663565897 0.19907406568527222 0.32407407327131793
0 0.17592592239379884 0.08838383717970415 0.08333333730697631 0.03367003527554599
0 0.18518518209457396 0.07996632836081764 0.08333332538604736 0.05050505291331898
0 0.19444444179534912 0.07154881954193115 0.08333333730697631 0.06734007055109198
0 0.18055555820465088 0.07154881954193115 0.1296296238899231 0.06734007055109198
0 0.21296296119689942 0.07154881954193115 0.08333333730697631 0.06734007055109198
0 0.21759259700775146 0.07154881954193115 0.03703705072402954 0.06734007055109198
0 0.2407407283782959 0.07996632836081764 0.08333333730697631 0.08417508818886497
0 0.2592592716217041 0.07996632836081764 0.08333332538604736 0.08417508818886497
0 0.26851849555969237 0.07154881954193115 0.08333332538604736 0.06734007055109198
0 0.2870370388031006 0.06313131072304466 0.08333332538604736 0.11784512346441095
0 0.31481480598449707 0.05471380190415816 0.08333332538604736 0.10101010582663796
0 0.305555534362793 0.05471380190415816 0.12037036418914795 0.10101010582663796
0 0.3333333253860474 0.05471380190415816 0.08333334922790528 0.10101010582663796
0 0.34259257316589353 0.07154881954193115 0.08333332538604736 0.06734007055109198
0 0.36111111640930177 0.07154881954193115 0.08333332538604736 0.06734007055109198
0 0.3796296358108521 0.07154881954193115 0.08333334922790528 0.06734007055109198
0 0.3657407283782959 0.07154881954193115 0.12962961196899414 0.06734007055109198
0 0.3379629611968994 0.06313131072304466 0.2037036895751953 0.0841750827702609
0 0.41666665077209475 0.06313131072304466 0.08333330154418946 0.0841750827702609
0 0.4074073791503906 0.06313131072304466 0.19444444179534912 0.0841750827702609
0 0.5231481552124023 0.07154881954193115 0.12962965965270995 0.10101010582663796
0 0.5509259223937988 0.07154881954193115 0.12962961196899414 0.10101010582663796
0 0.5787036895751954 0.06313131072304466 0.12962961196899414 0.0841750827702609
0 0.5694444179534912 0.07154881954193115 0.07407407760620117 0.10101010582663796
0 0.62037034034729 0.07154881954193115 0.10185184478759765 0.10101010582663796
0 0.6342592239379883 0.07996632836081764 0.03703703880310059 0.08417508818886497
0 0.6435185432434082 0.07996632836081764 0.03703703880310059 0.08417508818886497
0 0.6435184955596924 0.07996632836081764 0.07407407760620117 0.08417508818886497
0 0.6759259223937988 0.07996632836081764 0.12037038803100586 0.08417508818886497
0 0.6805555343627929 0.07996632836081764 0.07407407760620117 0.08417508818886497
0 0.7685184955596924 0.07154881954193115 0.12037038803100586 0.10101010582663796
0 0.8148147583007812 0.07154881954193115 0.04629626274108887 0.10101010582663796
0 0.7962962627410889 0.07154881954193115 0.08333330154418946 0.10101010582663796
0 0.8425926208496094 0.06313131072304466 0.046296215057373045 0.0841750827702609
0 0.8842592239379883 0.07154881954193115 0.037037086486816403 0.10101010582663796
0 0.9027777671813965 0.07154881954193115 0.055555534362792966 0.10101010582663796
0 0.9351851463317871 0.07154881954193115 0.046296310424804685 0.10101010582663796
0 0.9652777671813965 0.07154881954193115 0.06944446563720703 0.10101010582663796
0 0.9583333015441895 0.07154881954193115 0.037037086486816403 0.10101010582663796
0 0.9537036895751954 0.07154881954193115 0.06481475830078125 0.10101010582663796
0 0.9791666030883789 0.06313131072304466 0.041666698455810544 0.11784512346441095
