0 0.039351852846817234 0.00719039390484492 0.07870370569363447 0.01438078780968984
0 0.0185185195134839 0.015407986442248027 0.027777779270225848 0.030815972884496053
0 0.02314814715318277 0.015407986442248027 0.037037036788295695 0.030815972884496053
0 0.0370370390269678 0.04827835957209269 0.027777777031553742 0.09655671914418539
0 0.05092592642340862 0.04827835957209269 0.0185185195134839 0.09655671914418539
0 0.06481481381984944 0.023625580469767253 0.027777779270225848 0.047251160939534506
0 0.06944445041423672 0.015407986442248027 0.03703704350431201 0.030815972884496053
0 0.08333333333333333 0.015407986442248027 0.027777779270225848 0.030815972884496053
0 0.08796296992772062 0.015407986442248027 0.03703704350431201 0.030815972884496053
0 0.10185186180150566 0.015407986442248027 0.02777777479288164 0.030815972884496053
0 0.11111111708090339 0.00719039390484492 0.027777783747570055 0.01438078780968984
0 0.12037037236030113 0.015407986442248027 0.02777777479288164 0.030815972884496053
0 0.12962963659438728 0.015407986442248027 0.027777783747570055 0.030815972884496053
0 0.1481481561078712 0.00719039390484492 0.04629630326105395 0.01438078780968984
0 0.15277778374757006 0.00719039390484492 0.03703704798165621 0.01438078780968984
0 0.15740741138726894 0.00719039390484492 0.027777783747570055 0.01438078780968984
0 0.18055556749514012 0.015407986442248027 0.05555556749514011 0.030815972884496053
0 0.19444446832361356 0.015407986442248027 0.04629629430636554 0.030815972884496053
0 0.20833333333333334 0.015407986442248027 0.05555554958576328 0.030815972884496053
0 0.2175926065221079 0.015407986442248027 0.05555556749514011 0.030815972884496053
0 0.23611113499028022 0.015407986442248027 0.0370370390269678 0.030815972884496053
0 0.24537039026967797 0.015407986442248027 0.0370370390269678 0.030815972884496053
0 0.25925927318877456 0.00719039390484492 0.027777765838193223 0.01438078780968984
0 0.2685185463775491 0.00719039390484492 0.027777783747570055 0.01438078780968984
0 0.2777778016569469 0.00719039390484492 0.027777783747570055 0.01438078780968984
0 0.2870370569363446 0.015407986442248027 0.02777780165694689 0.030815972884496053
0 0.2962963122157424 0.015407986442248027 0.027777783747570055 0.030815972884496053
0 0.3055555674951401 0.00719039390484492 0.027777783747570055 0.01438078780968984
0 0.3148148227745379 0.00719039390484492 0.027777765838193223 0.01438078780968984
0 0.32407411387268925 0.00719039390484492 0.027777765838193223 0.01438078780968984
0 0.3333333333333333 0.015407986442248027 0.027777765838193223 0.030815972884496053
0 0.34259262443148475 0.015407986442248027 0.027777765838193223 0.030815972884496053
0 0.3564814894412045 0.015407986442248027 0.03703705693634463 0.030815972884496053
0 0.36111113499028025 0.00719039390484492 0.02777780165694689 0.01438078780968984
0 0.37037039026967794 0.00719039390484492 0.02777780165694689 0.01438078780968984
0 0.36111113499028025 0.00719039390484492 0.06481482277453786 0.01438078780968984
0 0.3796296455490757 0.00719039390484492 0.06481482277453786 0.01438078780968984
0 0.3981481561078712 0.00719039390484492 0.06481482277453786 0.01438078780968984
0 0.4074074472060226 0.00719039390484492 0.06481478695578419 0.01438078780968984
0 0.4398148227745379 0.00719039390484492 0.03703705693634463 0.01438078780968984
0 0.4537037236030113 0.00719039390484492 0.02777780165694689 0.01438078780968984
0 0.4537037236030113 0.00719039390484492 0.06481482277453786 0.01438078780968984
0 0.47222223416180675 0.00719039390484492 0.04629631221574237 0.01438078780968984
0 0.48611113499028025 0.00719039390484492 0.03703702111759096 0.01438078780968984
0 0.4814814894412045 0.00719039390484492 0.06481482277453786 0.01438078780968984
0 0.5000000358187536 0.00719039390484492 0.06481482277453786 0.01438078780968984
0 0.5231481561078711 0.00719039390484492 0.05555556749514011 0.01438078780968984
0 0.5370370569363446 0.00719039390484492 0.06481482277453786 0.01438078780968984
0 0.5462963122157424 0.00719039390484492 0.06481482277453786 0.01438078780968984
0 0.5555555674951401 0.00719039390484492 0.06481482277453786 0.01438078780968984
0 0.5740741138726893 0.015407986442248027 0.08333333333333333 0.030815972884496053
0 0.5925926244314847 0.015407986442248027 0.08333333333333333 0.030815972884496053
0 0.6435185105587955 0.015407986442248027 0.12962960973032203 0.030815972884496053
0 0.6157407805393559 0.00719039390484492 0.0740740780539356 0.01438078780968984
0 0.6296296455490757 0.00719039390484492 0.06481485859329152 0.01438078780968984
0 0.6574073755685153 0.015407986442248027 0.06481482277453786 0.030815972884496053
0 0.6712963122157424 0.015407986442248027 0.07407404223518192 0.030815972884496053
0 0.6851852488629695 0.015407986442248027 0.06481482277453786 0.030815972884496053
0 0.6898148944120452 0.00719039390484492 0.055555531676386445 0.01438078780968984
0 0.7083333333333334 0.015407986442248027 0.07407411387268927 0.030815972884496053
0 0.7962963122157424 0.00719039390484492 0.1203703544509243 0.01438078780968984
0 0.828703759421765 0.00719039390484492 0.12962964554907572 0.01438078780968984
0 0.837962978882409 0.015407986442248027 0.12962964554907572 0.030815972884496053
0 0.8101852488629695 0.015407986442248027 0.055555531676386445 0.030815972884496053
0 0.8287036877842576 0.015407986442248027 0.055555531676386445 0.030815972884496053
0 0.8888889366472271 0.00719039390484492 0.13888893664722712 0.01438078780968984
0 0.9212963122157424 0.00719039390484492 0.1481481561078712 0.01438078780968984
0 0.9375 0.00719039390484492 0.12499992836249267 0.01438078780968984
0 0.9606481561078711 0.00719039390484492 0.07870368778425763 0.01438078780968984
0 0.9583333333333334 0.015407986442248027 0.07407411387268927 0.030815972884496053
0 0.974537021117591 0.015407986442248027 0.05092588612731074 0.030815972884496053
0 0.03472222296844626 0.031843173503875735 0.06944444593689252 0.06368634700775147
0 0.027777779270225848 0.08936632474263509 0.027777777031553742 0.17873264948527018
0 0.041666666666666664 0.08936632474263509 0.018518517274811793 0.17873264948527018
0 0.05092592642340862 0.08114872773488363 0.0185185195134839 0.16229745546976726
0 0.06018518618015056 0.08936632474263509 0.0185185195134839 0.17873264948527018
0 0.06944445041423672 0.08936632474263509 0.03703704350431201 0.17873264948527018
0 0.07870370569363447 0.08936632474263509 0.018518523990828106 0.17873264948527018
0 0.08796296992772062 0.08936632474263509 0.03703704350431201 0.17873264948527018
0 0.10185186180150566 0.08936632474263509 0.02777777479288164 0.17873264948527018
0 0.10185186180150566 0.00719039390484492 0.02777777479288164 0.01438078780968984
0 0.11111111708090339 0.015407986442248027 0.027777783747570055 0.030815972884496053
0 0.12037037236030113 0.015407986442248027 0.02777777479288164 0.030815972884496053
0 0.13888890082847344 0.015407986442248027 0.02777777479288164 0.030815972884496053
0 0.1481481561078712 0.015407986442248027 0.02777777479288164 0.030815972884496053
0 0.15740741138726894 0.00719039390484492 0.027777783747570055 0.01438078780968984
0 0.16666666666666666 0.015407986442248027 0.027777783747570055 0.030815972884496053
0 0.19444446832361356 0.015407986442248027 0.04629629430636554 0.030815972884496053
0 0.2037037236030113 0.00719039390484492 0.027777783747570055 0.01438078780968984
0 0.21296297888240903 0.015407986442248027 0.027777783747570055 0.030815972884496053
0 0.22222223416180678 0.00719039390484492 0.027777765838193223 0.01438078780968984
0 0.23148148944120453 0.015407986442248027 0.027777783747570055 0.030815972884496053
0 0.25925927318877456 0.015407986442248027 0.027777765838193223 0.030815972884496053
0 0.2731481561078712 0.015407986442248027 0.018518528468172316 0.030815972884496053
0 0.2777778016569469 0.015407986442248027 0.027777783747570055 0.030815972884496053
0 0.2962963122157424 0.04827835957209269 0.027777783747570055 0.09655671914418539
0 0.3518518438921288 0.015407986442248027 0.027777765838193223 0.030815972884496053
0 0.36111113499028025 0.015407986442248027 0.02777780165694689 0.030815972884496053
0 0.3796296455490757 0.015407986442248027 0.02777780165694689 0.030815972884496053
0 0.3888889366472271 0.015407986442248027 0.027777765838193223 0.030815972884496053
0 0.3981481561078712 0.015407986442248027 0.027777765838193223 0.030815972884496053
0 0.4166666666666667 0.015407986442248027 0.0462962763969887 0.030815972884496053
0 0.4166666666666667 0.015407986442248027 0.027777765838193223 0.030815972884496053
0 0.42592595776481806 0.015407986442248027 0.027777765838193223 0.030815972884496053
0 0.4351851772254621 0.015407986442248027 0.027777765838193223 0.030815972884496053
0 0.44444446832361356 0.015407986442248027 0.02777780165694689 0.030815972884496053
0 0.4537037236030113 0.015407986442248027 0.02777780165694689 0.030815972884496053
0 0.46296297888240906 0.015407986442248027 0.02777780165694689 0.030815972884496053
0 0.47222226998056044 0.015407986442248027 0.027777765838193223 0.030815972884496053
0 0.4814814894412045 0.015407986442248027 0.027777765838193223 0.030815972884496053
0 0.49074078053935594 0.00719039390484492 0.027777765838193223 0.01438078780968984
0 0.5 0.00719039390484492 0.027777765838193223 0.01438078780968984
0 0.5092592910981514 0.00719039390484492 0.027777765838193223 0.01438078780968984
0 0.5185185463775491 0.015407986442248027 0.02777780165694689 0.030815972884496053
0 0.5277778016569469 0.015407986442248027 0.02777780165694689 0.030815972884496053
0 0.5370370569363446 0.015407986442248027 0.02777780165694689 0.030815972884496053
0 0.5462963122157424 0.015407986442248027 0.027777765838193223 0.030815972884496053
0 0.5555556033138938 0.00719039390484492 0.027777765838193223 0.01438078780968984
0 0.5648148227745379 0.015407986442248027 0.027777765838193223 0.030815972884496053
0 0.5740741138726893 0.015407986442248027 0.027777765838193223 0.030815972884496053
0 0.587962978882409 0.015407986442248027 0.03703702111759096 0.030815972884496053
0 0.5972222699805605 0.015407986442248027 0.03703705693634463 0.030815972884496053
0 0.6157407805393559 0.015407986442248027 0.05555560331389378 0.030815972884496053
0 0.6342592910981514 0.015407986442248027 0.05555560331389378 0.030815972884496053
0 0.6342592910981514 0.015407986442248027 0.03703702111759096 0.030815972884496053
0 0.6481482277453785 0.015407986442248027 0.02777780165694689 0.030815972884496053
0 0.6574074472060226 0.015407986442248027 0.027777730019439555 0.030815972884496053
0 0.6712963122157424 0.015407986442248027 0.03703702111759096 0.030815972884496053
0 0.6898148227745379 0.015407986442248027 0.03703702111759096 0.030815972884496053
0 0.6990741138726893 0.00719039390484492 0.03703702111759096 0.01438078780968984
0 0.712962978882409 0.00719039390484492 0.02777780165694689 0.01438078780968984
0 0.7268519155296361 0.00719039390484492 0.01851851055879548 0.01438078780968984
0 0.7361112066277875 0.015407986442248027 0.01851851055879548 0.030815972884496053
0 0.7361111349902802 0.015407986442248027 0.09259262443148474 0.030815972884496053
0 0.787037021117591 0.015407986442248027 0.10185184389212881 0.030815972884496053
0 0.8055556033138938 0.015407986442248027 0.10185184389212881 0.030815972884496053
0 0.8240741138726893 0.015407986442248027 0.027777730019439555 0.030815972884496053
0 0.837962978882409 0.015407986442248027 0.03703702111759096 0.030815972884496053
0 0.8750000716375074 0.015407986442248027 0.12962964554907572 0.030815972884496053
0 0.8981482277453785 0.015407986442248027 0.10185184389212881 0.030815972884496053
0 0.9074074472060226 0.015407986442248027 0.10185191552963616 0.030815972884496053
0 0.9259259577648181 0.015407986442248027 0.08333333333333333 0.030815972884496053
0 0.9490741138726893 0.015407986442248027 0.05555560331389378 0.030815972884496053
0 0.9675926244314847 0.015407986442248027 0.055555531676386445 0.030815972884496053
0 0.9768519155296361 0.015407986442248027 0.03703702111759096 0.030815972884496053
0 0.0185185195134839 0.04827835957209269 0.027777779270225848 0.09655671914418539
0 0.0370370390269678 0.08936632474263509 0.027777777031553742 0.17873264948527018
0 0.055555558540451695 0.08936632474263509 0.00925925975674195 0.17873264948527018
0 0.06944444593689252 0.08936632474263509 0.0185185195134839 0.17873264948527018
0 0.10185186180150566 0.08936632474263509 0.04629630326105395 0.17873264948527018
0 0.11111111708090339 0.06471354564030965 0.04629629430636554 0.1294270912806193
0 0.11111111708090339 0.056495952606201175 0.027777783747570055 0.11299190521240235
0 0.12962963659438728 0.08936632474263509 0.04629629430636554 0.17873264948527018
0 0.1481481561078712 0.09758391380310058 0.04629630326105395 0.19516782760620116
0 0.16203703902696778 0.09758391380310058 0.055555558540451695 0.19516782760620116
0 0.18981482277453784 0.04827835957209269 0.09259258861273108 0.09655671914418539
0 0.17592593985544125 0.04827835957209269 0.06481482277453786 0.09655671914418539
0 0.1990740780539356 0.04827835957209269 0.0370370390269678 0.09655671914418539
0 0.20833333333333334 0.04827835957209269 0.0370370390269678 0.09655671914418539
0 0.22222223416180678 0.08936632474263509 0.04629631221574237 0.17873264948527018
0 0.23611113499028022 0.08936632474263509 0.05555554958576328 0.17873264948527018
0 0.2546296455490757 0.08936632474263509 0.05555556749514011 0.17873264948527018
0 0.2685185463775491 0.08936632474263509 0.04629629430636554 0.17873264948527018
0 0.2777778016569469 0.08936632474263509 0.04629631221574237 0.17873264948527018
0 0.2731481561078712 0.06471354564030965 0.0370370390269678 0.1294270912806193
0 0.28240742929664575 0.06471354564030965 0.03703705693634463 0.1294270912806193
0 0.30092595776481806 0.06471354564030965 0.05555556749514011 0.1294270912806193
0 0.3148148227745379 0.06471354564030965 0.04629629430636554 0.1294270912806193
0 0.31944446832361356 0.056495952606201175 0.05555554958576328 0.11299190521240235
0 0.3287037236030113 0.056495952606201175 0.055555531676386445 0.11299190521240235
0 0.3518518797108825 0.056495952606201175 0.04629631221574237 0.11299190521240235
0 0.36111113499028025 0.056495952606201175 0.04629631221574237 0.11299190521240235
0 0.37037039026967794 0.04827835957209269 0.04629631221574237 0.09655671914418539
0 0.38888890082847344 0.04827835957209269 0.04629631221574237 0.09655671914418539
0 0.3888889366472271 0.056495952606201175 0.027777765838193223 0.11299190521240235
0 0.4074074472060226 0.04827835957209269 0.06481478695578419 0.09655671914418539
0 0.4120370569363446 0.031843173503875735 0.055555531676386445 0.06368634700775147
0 0.4212963122157424 0.031843173503875735 0.03703702111759096 0.06368634700775147
0 0.4305555674951401 0.04827835957209269 0.03703702111759096 0.09655671914418539
0 0.44444446832361356 0.04827835957209269 0.04629631221574237 0.09655671914418539
0 0.44907411387268925 0.056495952606201175 0.05555556749514011 0.11299190521240235
0 0.46296297888240906 0.04827835957209269 0.06481482277453786 0.09655671914418539
0 0.4814814894412045 0.04827835957209269 0.06481482277453786 0.09655671914418539
0 0.49074078053935594 0.015407986442248027 0.06481478695578419 0.030815972884496053
0 0.5092592910981514 0.015407986442248027 0.04629631221574237 0.030815972884496053
0 0.5185185463775491 0.023625580469767253 0.04629631221574237 0.047251160939534506
0 0.5370370569363446 0.04827835957209269 0.06481482277453786 0.09655671914418539
0 0.5462963122157424 0.023625580469767253 0.06481482277453786 0.047251160939534506
0 0.5925926244314847 0.023625580469767253 0.10185187971088248 0.047251160939534506
0 0.6157407805393559 0.023625580469767253 0.11111109917152656 0.047251160939534506
0 0.6296296455490757 0.023625580469767253 0.1203703544509243 0.047251160939534506
0 0.6064815610787119 0.023625580469767253 0.07407411387268927 0.047251160939534506
0 0.6527778016569469 0.015407986442248027 0.09259262443148474 0.030815972884496053
0 0.6666666666666666 0.015407986442248027 0.10185184389212881 0.030815972884496053
0 0.6759259577648181 0.023625580469767253 0.10185191552963616 0.047251160939534506
0 0.6898148944120452 0.023625580469767253 0.11111113499028022 0.047251160939534506
0 0.6944445399611209 0.023625580469767253 0.06481482277453786 0.047251160939534506
0 0.712962978882409 0.023625580469767253 0.13888886500971978 0.047251160939534506
0 0.7361112066277875 0.023625580469767253 0.11111113499028022 0.047251160939534506
0 0.7592592910981514 0.023625580469767253 0.13888893664722712 0.047251160939534506
0 0.7870370927550983 0.023625580469767253 0.08333333333333333 0.047251160939534506
0 0.8148148944120452 0.023625580469767253 0.10185184389212881 0.047251160939534506
0 0.837962978882409 0.023625580469767253 0.0925925527939774 0.047251160939534506
0 0.8564815610787119 0.023625580469767253 0.11111113499028022 0.047251160939534506
0 0.8935185821963029 0.023625580469767253 0.09259262443148474 0.047251160939534506
0 0.8981482277453785 0.023625580469767253 0.13888886500971978 0.047251160939534506
0 0.9212963122157424 0.023625580469767253 0.12962964554907572 0.047251160939534506
0 0.953703759421765 0.023625580469767253 0.08333333333333333 0.047251160939534506
0 0.9652778016569469 0.023625580469767253 0.06944439668610622 0.047251160939534506
0 0.039351852846817234 0.06368634700775147 0.07870370569363447 0.06574074427286784
0 0.01620370457429841 0.138671875 0.03240740914859682 0.27734375
0 0.02314814715318277 0.138671875 0.037037036788295695 0.27734375
0 0.03240740690992472 0.138671875 0.037037036788295695 0.27734375
0 0.041666666666666664 0.138671875 0.037037036788295695 0.27734375
0 0.055555558540451695 0.138671875 0.027777779270225848 0.27734375
0 0.06481481381984944 0.138671875 0.027777779270225848 0.27734375
0 0.0740740780539356 0.138671875 0.027777783747570055 0.27734375
0 0.08333333333333333 0.138671875 0.027777779270225848 0.27734375
0 0.09722222520711836 0.138671875 0.0370370390269678 0.27734375
0 0.10648148944120452 0.138671875 0.0370370390269678 0.27734375
0 0.12962963659438728 0.138671875 0.04629629430636554 0.27734375
0 0.13888889187378503 0.138671875 0.04629629430636554 0.27734375
0 0.15277778374757006 0.138671875 0.055555558540451695 0.27734375
0 0.16666666666666666 0.138671875 0.04629629430636554 0.27734375
0 0.1759259219460644 0.138671875 0.04629629430636554 0.27734375
0 0.18518519513483897 0.138671875 0.04629631221574237 0.27734375
0 0.19444446832361356 0.07293113867441813 0.04629629430636554 0.14586227734883625
0 0.20833333333333334 0.138671875 0.0370370390269678 0.27734375
0 0.21759258861273106 0.138671875 0.0370370390269678 0.27734375
0 0.22685187971088247 0.138671875 0.0370370390269678 0.27734375
0 0.23611113499028022 0.138671875 0.0370370390269678 0.27734375
0 0.24537039026967797 0.138671875 0.0370370390269678 0.27734375
0 0.25925927318877456 0.138671875 0.027777765838193223 0.27734375
0 0.2685185463775491 0.138671875 0.04629629430636554 0.27734375
0 0.2777778016569469 0.138671875 0.04629631221574237 0.27734375
0 0.2870370569363446 0.138671875 0.04629631221574237 0.27734375
0 0.2870370569363446 0.138671875 0.02777780165694689 0.27734375
0 0.3055555674951401 0.138671875 0.04629629430636554 0.27734375
0 0.31944446832361356 0.138671875 0.05555554958576328 0.27734375
0 0.33796297888240906 0.138671875 0.055555531676386445 0.27734375
0 0.36111113499028025 0.138671875 0.04629631221574237 0.27734375
0 0.37037039026967794 0.138671875 0.04629631221574237 0.27734375
0 0.3796296455490757 0.138671875 0.04629631221574237 0.27734375
0 0.38888890082847344 0.138671875 0.04629631221574237 0.27734375
0 0.42592595776481806 0.138671875 0.10185184389212881 0.27734375
0 0.4120370569363446 0.1304542859395345 0.055555531676386445 0.260908571879069
0 0.4212963122157424 0.06471354564030965 0.055555531676386445 0.1294270912806193
0 0.43055560331389375 0.138671875 0.05555556749514011 0.27734375
0 0.44907411387268925 0.138671875 0.05555556749514011 0.27734375
0 0.4814814894412045 0.138671875 0.10185187971088248 0.27734375
0 0.46759262443148475 0.138671875 0.05555556749514011 0.27734375
0 0.48611113499028025 0.138671875 0.055555531676386445 0.27734375
0 0.5046296455490757 0.138671875 0.05555556749514011 0.27734375
0 0.5231481561078711 0.138671875 0.05555556749514011 0.27734375
0 0.5555555674951401 0.138671875 0.10185184389212881 0.27734375
0 0.5648148227745379 0.06471354564030965 0.10185187971088248 0.1294270912806193
0 0.5462963122157424 0.06471354564030965 0.06481482277453786 0.1294270912806193
0 0.5601852130442159 0.06471354564030965 0.055555531676386445 0.1294270912806193
0 0.5740741138726893 0.056495952606201175 0.06481478695578419 0.11299190521240235
0 0.6064815610787119 0.056495952606201175 0.11111113499028022 0.11299190521240235
0 0.6296296455490757 0.031843173503875735 0.1203703544509243 0.06368634700775147
0 0.6481481561078711 0.031843173503875735 0.1203703544509243 0.06368634700775147
0 0.6574074472060226 0.031843173503875735 0.12037039026967797 0.06368634700775147
0 0.6851852488629695 0.031843173503875735 0.12037042608843163 0.06368634700775147
0 0.7083333333333334 0.031843173503875735 0.11111113499028022 0.06368634700775147
0 0.7175926244314847 0.031843173503875735 0.11111106335277289 0.06368634700775147
0 0.7361112066277875 0.031843173503875735 0.11111113499028022 0.06368634700775147
0 0.7546296455490757 0.056495952606201175 0.11111113499028022 0.11299190521240235
0 0.7638889366472271 0.031843173503875735 0.11111113499028022 0.06368634700775147
0 0.7916666666666666 0.056495952606201175 0.11111113499028022 0.11299190521240235
0 0.7962963122157424 0.031843173503875735 0.13888886500971978 0.06368634700775147
0 0.8240741138726893 0.031843173503875735 0.1203703544509243 0.06368634700775147
0 0.8472222699805605 0.031843173503875735 0.12962964554907572 0.06368634700775147
0 0.875 0.031843173503875735 0.11111113499028022 0.06368634700775147
0 0.8935185821963029 0.031843173503875735 0.11111113499028022 0.06368634700775147
0 0.9212963122157424 0.031843173503875735 0.11111113499028022 0.06368634700775147
0 0.9259259577648181 0.056495952606201175 0.1203703544509243 0.11299190521240235
0 0.9467592910981514 0.056495952606201175 0.10648141780369719 0.11299190521240235
0 0.9513889366472271 0.031843173503875735 0.09722219834305311 0.06368634700775147
0 0.9490741138726893 0.056495952606201175 0.07407404223518192 0.11299190521240235
0 0.9583333333333334 0.06471354564030965 0.07407411387268927 0.1294270912806193
0 0.9652778016569469 0.06471354564030965 0.06944439668610622 0.1294270912806193
0 0.9837963122157424 0.06471354564030965 0.03240737556851526 0.1294270912806193
0 0.01620370457429841 0.06368634700775147 0.03240740914859682 0.09861111640930176
0 0.02314814715318277 0.08833912213643393 0.037037036788295695 0.14791666666666667
0 0.0370370390269678 0.08833912213643393 0.027777777031553742 0.14791666666666667
0 0.04629629878370974 0.08833912213643393 0.027777777031553742 0.14791666666666667
0 0.055555558540451695 0.08833912213643393 0.027777779270225848 0.14791666666666667
0 0.06481481381984944 0.08833912213643393 0.027777779270225848 0.14791666666666667
0 0.0740740780539356 0.08833912213643393 0.027777783747570055 0.14791666666666667
0 0.08333333333333333 0.08833912213643393 0.027777779270225848 0.14791666666666667
0 0.09259259756741949 0.08833912213643393 0.027777783747570055 0.14791666666666667
0 0.10185186180150566 0.08833912213643393 0.02777777479288164 0.14791666666666667
0 0.11111111708090339 0.08833912213643393 0.027777783747570055 0.14791666666666667
0 0.12037037236030113 0.08833912213643393 0.02777777479288164 0.14791666666666667
0 0.13425926423408616 0.08833912213643393 0.0370370390269678 0.14791666666666667
