0 0.039351850748062134 0.0189393934878436 0.07870370149612427 0.0378787869756872
0 0.17592592239379884 0.0189393934878436 0.12037037611007691 0.0378787869756872
0 0.2037036895751953 0.0189393934878436 0.08333332538604736 0.0378787869756872
0 0.21759257316589356 0.0189393934878436 0.05555555820465088 0.0378787869756872
0 0.22685184478759765 0.0189393934878436 0.05555557012557984 0.0378787869756872
0 0.25462961196899414 0.0189393934878436 0.09259259700775146 0.0378787869756872
0 0.2314814805984497 0.021043770692565224 0.027777767181396483 0.03367003256624395
0 0.2407407283782959 0.021043770692565224 0.027777791023254395 0.03367003256624395
0 0.25 0.0189393934878436 0.027777767181396483 0.0378787869756872
0 0.26851849555969237 0.0189393934878436 0.04629628658294678 0.0378787869756872
0 0.36111111640930177 0.0189393934878436 0.027777791023254395 0.0378787869756872
0 0.37962961196899414 0.02735690095207908 0.04629628658294678 0.05471380190415816
0 0.38888888359069823 0.0189393934878436 0.046296310424804685 0.0378787869756872
0 0.38888888359069823 0.0189393934878436 0.027777767181396483 0.0378787869756872
0 0.3981481552124023 0.02735690095207908 0.046296310424804685 0.05471380190415816
0 0.41666665077209475 0.02735690095207908 0.027777767181396483 0.05471380190415816
0 0.4120370388031006 0.05260942740873857 0.05555555820465088 0.10521885481747714
0 0.4351851463317871 0.02735690095207908 0.04629626274108887 0.05471380190415816
0 0.4537036895751953 0.02735690095207908 0.027777767181396483 0.05471380190415816
0 0.49537038803100586 0.02735690095207908 0.09259257316589356 0.05471380190415816
0 0.49537038803100586 0.02735690095207908 0.11111111640930176 0.05471380190415816
0 0.5277777671813965 0.0189393934878436 0.12037038803100586 0.0378787869756872
0 0.5509259223937988 0.02735690095207908 0.14814815521240235 0.05471380190415816
0 0.5740740776062012 0.0189393934878436 0.12037038803100586 0.0378787869756872
0 0.6203703880310059 0.0189393934878436 0.15740742683410644 0.0378787869756872
0 0.6898148059844971 0.010521885346282612 0.11111106872558593 0.021043770692565224
0 0.7129629611968994 0.010521885346282612 0.12037038803100586 0.021043770692565224
0 0.7222222328186035 0.035774409770965576 0.12037034034729004 0.07154881954193115
0 0.75 0.02735690095207908 0.08333334922790528 0.05471380190415816
0 0.8703702926635742 0.02735690095207908 0.08333330154418946 0.05471380190415816
0 0.9120369911193847 0.0189393934878436 0.14814815521240235 0.0378787869756872
0 0.9467592239379883 0.02735690095207908 0.10648145675659179 0.05471380190415816
0 0.9976852416992188 0.0189393934878436 0.004629611968994141 0.0378787869756872
0 0.039351850748062134 0.02735690095207908 0.07870370149612427 0.05471380190415816
0 0.04398148059844971 0.02735690095207908 0.08796296119689942 0.05471380190415816
0 0.0555555522441864 0.010521885346282612 0.08333333134651184 0.021043770692565224
0 0.050925922393798825 0.02735690095207908 0.018518516421318056 0.05471380190415816
0 0.08333333134651184 0.02735690095207908 0.08333333730697631 0.05471380190415816
0 0.12037036418914795 0.02735690095207908 0.08333333730697631 0.05471380190415816
0 0.12962963581085205 0.0189393934878436 0.08333333730697631 0.0378787869756872
0 0.14814814329147338 0.010521885346282612 0.08333332538604736 0.021043770692565224
0 0.15740740299224854 0.0189393934878436 0.08333332538604736 0.0378787869756872
0 0.16203703880310058 0.02735690095207908 0.09259258508682251 0.05471380190415816
0 0.18518518209457396 0.0189393934878436 0.08333332538604736 0.0378787869756872
0 0.17592592239379884 0.0189393934878436 0.027777767181396483 0.0378787869756872
0 0.18518518209457396 0.0189393934878436 0.027777767181396483 0.0378787869756872
0 0.19444444179534912 0.010521885346282612 0.027777767181396483 0.021043770692565224
0 0.21296296119689942 0.02735690095207908 0.02777777910232544 0.05471380190415816
0 0.22685184478759765 0.02735690095207908 0.018518519401550294 0.05471380190415816
0 0.23611111640930177 0.0189393934878436 0.018518519401550294 0.0378787869756872
0 0.24537038803100586 0.0189393934878436 0.018518519401550294 0.0378787869756872
0 0.25462961196899414 0.02735690095207908 0.018518519401550294 0.05471380190415816
0 0.26388888359069823 0.02735690095207908 0.03703703880310059 0.05471380190415816
0 0.28240740299224854 0.02735690095207908 0.055555534362792966 0.05471380190415816
0 0.2962963104248047 0.02735690095207908 0.04629628658294678 0.05471380190415816
0 0.305555534362793 0.02735690095207908 0.04629628658294678 0.05471380190415816
0 0.3194444179534912 0.02735690095207908 0.05555555820465088 0.05471380190415816
0 0.3333333253860474 0.02735690095207908 0.046296310424804685 0.05471380190415816
0 0.3287036895751953 0.02735690095207908 0.018518519401550294 0.05471380190415816
0 0.3472222089767456 0.02735690095207908 0.03703703880310059 0.05471380190415816
0 0.3564814567565918 0.02735690095207908 0.018518519401550294 0.05471380190415816
0 0.36111111640930177 0.02735690095207908 0.027777791023254395 0.05471380190415816
0 0.3703703641891479 0.02735690095207908 0.027777767181396483 0.05471380190415816
0 0.37962961196899414 0.02735690095207908 0.027777791023254395 0.05471380190415816
0 0.38888888359069823 0.02735690095207908 0.027777767181396483 0.05471380190415816
0 0.3981481552124023 0.035774409770965576 0.027777791023254395 0.07154881954193115
0 0.40740742683410647 0.035774409770965576 0.027777791023254395 0.07154881954193115
0 0.4212963104248047 0.02735690095207908 0.018518495559692382 0.05471380190415816
0 0.42592592239379884 0.035774409770965576 0.027777767181396483 0.07154881954193115
0 0.43518519401550293 0.02735690095207908 0.027777767181396483 0.05471380190415816
0 0.4444444179534912 0.02735690095207908 0.027777767181396483 0.05471380190415816
0 0.4768518447875977 0.044191918589852074 0.055555534362792966 0.08838383717970415
0 0.48611106872558596 0.02735690095207908 0.05555558204650879 0.05471380190415816
0 0.5231481552124023 0.02735690095207908 0.09259257316589356 0.05471380190415816
0 0.5694444656372071 0.02735690095207908 0.11111111640930176 0.05471380190415816
0 0.5925926208496094 0.02735690095207908 0.08333334922790528 0.05471380190415816
0 0.5972222328186035 0.02735690095207908 0.1481481075286865 0.05471380190415816
0 0.625 0.02735690095207908 0.11111111640930176 0.05471380190415816
0 0.6620370388031006 0.02735690095207908 0.07407407760620117 0.05471380190415816
0 0.6666666507720947 0.0189393934878436 0.08333330154418946 0.0378787869756872
0 0.6990740776062012 0.0189393934878436 0.07407407760620117 0.0378787869756872
0 0.6898148059844971 0.0189393934878436 0.11111106872558593 0.0378787869756872
0 0.7129629611968994 0.02735690095207908 0.10185184478759765 0.05471380190415816
0 0.7546296119689941 0.02735690095207908 0.09259262084960937 0.05471380190415816
0 0.7731481552124023 0.02735690095207908 0.09259262084960937 0.05471380190415816
0 0.7962963104248046 0.02735690095207908 0.10185189247131347 0.05471380190415816
0 0.8101851463317871 0.02735690095207908 0.09259257316589356 0.05471380190415816
0 0.8194444656372071 0.02735690095207908 0.09259252548217774 0.05471380190415816
0 0.8425926208496094 0.02735690095207908 0.08333330154418946 0.05471380190415816
0 0.861111068725586 0.02735690095207908 0.10185184478759765 0.05471380190415816
0 0.8842592239379883 0.02735690095207908 0.09259262084960937 0.05471380190415816
0 0.8796296119689941 0.02735690095207908 0.12037029266357421 0.05471380190415816
0 0.9166666030883789 0.02735690095207908 0.08333330154418946 0.05471380190415816
0 0.9166666030883789 0.02735690095207908 0.1018519401550293 0.05471380190415816
0 0.9351852416992188 0.02735690095207908 0.08333330154418946 0.05471380190415816
0 0.9537036895751954 0.02735690095207908 0.08333339691162109 0.05471380190415816
0 0.9282407760620117 0.02735690095207908 0.1435185432434082 0.05471380190415816
0 0.9699073791503906 0.0189393934878436 0.06018524169921875 0.0378787869756872
0 0.9745370864868164 0.02735690095207908 0.050925922393798825 0.05471380190415816
0 0.986111068725586 0.02735690095207908 0.018518543243408202 0.05471380190415816
0 0.02083333283662796 0.02735690095207908 0.04166666567325592 0.05471380190415816
0 0.018518517911434173 0.035774409770965576 0.0277777761220932 0.07154881954193115
0 0.0277777761220932 0.035774409770965576 0.02777777910232544 0.07154881954193115
0 0.037037035822868346 0.035774409770965576 0.027777773141860963 0.07154881954193115
0 0.07407407164573669 0.02735690095207908 0.04629629850387573 0.05471380190415816
0 0.08333333134651184 0.02735690095207908 0.04629629850387573 0.05471380190415816
0 0.08333333134651184 0.02735690095207908 0.02777777910232544 0.05471380190415816
0 0.09259259104728698 0.02735690095207908 0.02777777910232544 0.05471380190415816
0 0.10185184478759765 0.02735690095207908 0.02777777910232544 0.05471380190415816
0 0.11111111640930176 0.02735690095207908 0.02777777910232544 0.05471380190415816
0 0.125 0.02735690095207908 0.018518519401550294 0.05471380190415816
0 0.12962963581085205 0.02735690095207908 0.02777777910232544 0.05471380190415816
0 0.13888888359069823 0.02735690095207908 0.02777777910232544 0.05471380190415816
0 0.14814815521240235 0.02735690095207908 0.02777777910232544 0.05471380190415816
0 0.15740740299224854 0.02735690095207908 0.02777777910232544 0.05471380190415816
0 0.16666667461395263 0.02735690095207908 0.02777777910232544 0.05471380190415816
0 0.18055555820465088 0.02735690095207908 0.018518507480621338 0.05471380190415816
0 0.18055555820465088 0.02735690095207908 0.03703702688217163 0.05471380190415816
0 0.18981480598449707 0.02735690095207908 0.03703702688217163 0.05471380190415816
0 0.19907407760620116 0.05260942740873857 0.03703703880310059 0.10521885481747714
0 0.20833332538604737 0.05260942740873857 0.03703703880310059 0.10521885481747714
0 0.24537036418914795 0.044191918589852074 0.09259258508682251 0.08838383717970415
0 0.25462961196899414 0.035774409770965576 0.09259259700775146 0.07154881954193115
0 0.24537036418914795 0.02735690095207908 0.03703703880310059 0.05471380190415816
0 0.28240740299224854 0.02735690095207908 0.03703703880310059 0.05471380190415816
0 0.2870370388031006 0.02735690095207908 0.027777767181396483 0.05471380190415816
0 0.29629628658294677 0.02735690095207908 0.027777767181396483 0.05471380190415816
0 0.305555534362793 0.02735690095207908 0.027777791023254395 0.05471380190415816
0 0.31481480598449707 0.02735690095207908 0.027777767181396483 0.05471380190415816
0 0.31944444179534914 0.035774409770965576 0.03703703880310059 0.07154881954193115
0 0.3333333253860474 0.035774409770965576 0.027777767181396483 0.07154881954193115
0 0.36111111640930177 0.06944444504651157 0.027777791023254395 0.13888889009302313
0 0.3703703641891479 0.06944444504651157 0.027777767181396483 0.13888889009302313
0 0.375 0.035774409770965576 0.03703703880310059 0.07154881954193115
0 0.41666665077209475 0.035774409770965576 0.027777767181396483 0.07154881954193115
0 0.4444444179534912 0.035774409770965576 0.027777767181396483 0.07154881954193115
0 0.4537036895751953 0.035774409770965576 0.027777767181396483 0.07154881954193115
0 0.4814814567565918 0.035774409770965576 0.027777767181396483 0.07154881954193115
0 0.5 0.035774409770965576 0.027777767181396483 0.07154881954193115
0 0.5092592239379883 0.02735690095207908 0.027777814865112306 0.05471380190415816
0 0.5231481552124023 0.02735690095207908 0.03703703880310059 0.05471380190415816
0 0.5277777671813965 0.035774409770965576 0.027777767181396483 0.07154881954193115
0 0.5416666984558105 0.06102693622762507 0.03703703880310059 0.12205387245525014
0 0.5509259223937988 0.06102693622762507 0.03703703880310059 0.12205387245525014
0 0.5648148059844971 0.06102693622762507 0.027777767181396483 0.12205387245525014
0 0.5740740776062012 0.035774409770965576 0.027777767181396483 0.07154881954193115
0 0.5833333015441895 0.035774409770965576 0.027777814865112306 0.07154881954193115
0 0.6018518447875977 0.035774409770965576 0.046296310424804685 0.07154881954193115
0 0.6111111164093017 0.02735690095207908 0.027777767181396483 0.05471380190415816
0 0.6203703880310059 0.02735690095207908 0.027777814865112306 0.05471380190415816
0 0.6296296119689941 0.02735690095207908 0.027777767181396483 0.05471380190415816
0 0.6574073791503906 0.029461278156800705 0.027777767181396483 0.05050504749471491
0 0.6666666507720947 0.029461278156800705 0.027777767181396483 0.05050504749471491
0 0.6851851463317871 0.029461278156800705 0.027777814865112306 0.05050504749471491
0 0.6851851463317871 0.021043770692565224 0.027777814865112306 0.03367003256624395
0 0.6990740776062012 0.02735690095207908 0.03703703880310059 0.05471380190415816
0 0.7175925731658935 0.02735690095207908 0.055555534362792966 0.05471380190415816
0 0.7268518447875977 0.035774409770965576 0.055555534362792966 0.07154881954193115
0 0.7407407283782959 0.035774409770965576 0.046296310424804685 0.07154881954193115
0 0.75 0.035774409770965576 0.046296310424804685 0.07154881954193115
0 0.7592592239379883 0.02735690095207908 0.04629626274108887 0.05471380190415816
0 0.7592592239379883 0.02735690095207908 0.027777814865112306 0.05471380190415816
0 0.7685184955596924 0.02735690095207908 0.027777767181396483 0.05471380190415816
0 0.7916666984558105 0.02735690095207908 0.05555558204650879 0.05471380190415816
0 0.8055555343627929 0.02735690095207908 0.046296310424804685 0.05471380190415816
0 0.8055555343627929 0.035774409770965576 0.027777814865112306 0.07154881954193115
0 0.8194444656372071 0.02735690095207908 0.037036991119384764 0.05471380190415816
0 0.8287036895751954 0.02735690095207908 0.037037086486816403 0.05471380190415816
0 0.8518518447875977 0.02735690095207908 0.046296310424804685 0.05471380190415816
0 0.888888931274414 0.035774409770965576 0.08333330154418946 0.07154881954193115
0 0.8796296119689941 0.02735690095207908 0.046296310424804685 0.05471380190415816
0 0.8796296119689941 0.02735690095207908 0.027777862548828126 0.05471380190415816
0 0.8842592239379883 0.035774409770965576 0.037037086486816403 0.07154881954193115
0 0.8935184478759766 0.02735690095207908 0.037036991119384764 0.05471380190415816
0 0.9166666030883789 0.035774409770965576 0.046296215057373045 0.07154881954193115
0 0.9166666030883789 0.02735690095207908 0.027777767181396483 0.05471380190415816
0 0.9259258270263672 0.02735690095207908 0.027777767181396483 0.05471380190415816
0 0.9351852416992188 0.0189393934878436 0.027777767181396483 0.0378787869756872
0 0.9444444656372071 0.02735690095207908 0.027777767181396483 0.05471380190415816
0 0.9537036895751954 0.02735690095207908 0.027777862548828126 0.05471380190415816
0 0.9629629135131836 0.02735690095207908 0.027777767181396483 0.05471380190415816
0 0.9675926208496094 0.02735690095207908 0.018518543243408202 0.05471380190415816
0 0.9768518447875977 0.02735690095207908 0.037037086486816403 0.05471380190415816
0 0.9930555343627929 0.06313131072304466 0.013888931274414063 0.0841750827702609
0 0.9930555343627929 0.0189393934878436 0.013888931274414063 0.0378787869756872
0 0.02083333283662796 0.05471380190415816 0.04166666567325592 0.0673400651324879
0 0.018518517911434173 0.05471380190415816 0.0277777761220932 0.0673400651324879
0 0.053240740299224855 0.06313131072304466 0.10648148059844971 0.0841750827702609
0 0.0625 0.05471380190415816 0.125 0.0673400651324879
0 0.09259259104728698 0.05471380190415816 0.08333333730697631 0.0673400651324879
0 0.10185184478759765 0.06102693622762507 0.08333333730697631 0.12205387245525014
0 0.08796296119689942 0.05260942740873857 0.03703703880310059 0.10521885481747714
0 0.10648148059844971 0.06313131072304466 0.018518519401550294 0.0841750827702609
0 0.125 0.06313131072304466 0.03703703880310059 0.0841750827702609
0 0.1435185194015503 0.07154881954193115 0.09259258508682251 0.10101010582663796
0 0.1527777671813965 0.06313131072304466 0.09259258508682251 0.0841750827702609
0 0.15277777910232543 0.05260942740873857 0.05555555820465088 0.10521885481747714
0 0.15277777910232543 0.06313131072304466 0.03703703880310059 0.0841750827702609
0 0.15277777910232543 0.04629629308527166 0.03703703880310059 0.0841750827702609
0 0.18518518209457396 0.05471380190415816 0.04629628658294678 0.10101010582663796
0 0.2314814805984497 0.06102693622762507 0.10185184478759765 0.12205387245525014
0 0.26851849555969237 0.04629629308527166 0.08333332538604736 0.05050504749471491
0 0.27777776718139646 0.035774409770965576 0.08333332538604736 0.07154881954193115
0 0.2870370388031006 0.035774409770965576 0.08333332538604736 0.07154881954193115
0 0.305555534362793 0.02735690095207908 0.08333332538604736 0.05471380190415816
0 0.2962963104248047 0.15361952781677246 0.04629628658294678 0.3072390556335449
0 0.30092592239379884 0.07786195386539806 0.03703703880310059 0.1557239077307961
0 0.31018519401550293 0.08838383717970415 0.05555555820465088 0.13468014110218396
0 0.305555534362793 0.06313131072304466 0.027777791023254395 0.0841750827702609
0 0.32407407760620116 0.05471380190415816 0.04629628658294678 0.10101010582663796
0 0.32407407760620116 0.05471380190415816 0.027777791023254395 0.10101010582663796
0 0.34259257316589353 0.06102693622762507 0.06481482982635497 0.12205387245525014
0 0.3518518447875977 0.08627945726568048 0.06481480598449707 0.17255891453136096
0 0.3703703641891479 0.08627945726568048 0.046296310424804685 0.17255891453136096
0 0.37962961196899414 0.08627945726568048 0.04629628658294678 0.17255891453136096
0 0.3935185194015503 0.06102693622762507 0.03703703880310059 0.12205387245525014
0 0.3981481552124023 0.06944444504651157 0.027777791023254395 0.13888889009302313
0 0.41666665077209475 0.06944444504651157 0.04629628658294678 0.13888889009302313
0 0.42592592239379884 0.06944444504651157 0.046296310424804685 0.13888889009302313
0 0.45833330154418944 0.06102693622762507 0.03703703880310059 0.12205387245525014
0 0.4768518447875977 0.06944444504651157 0.055555534362792966 0.13888889009302313
0 0.4907407283782959 0.05471380190415816 0.0648148536682129 0.10101010582663796
0 0.5 0.06313131072304466 0.046296310424804685 0.0841750827702609
0 0.5 0.05471380190415816 0.027777767181396483 0.0673400651324879
0 0.5092592239379883 0.04629629308527166 0.027777814865112306 0.05050504749471491
0 0.5185184955596924 0.05471380190415816 0.027777767181396483 0.0673400651324879
0 0.5277777671813965 0.05471380190415816 0.027777767181396483 0.0673400651324879
0 0.5277777671813965 0.06313131072304466 0.046296310424804685 0.0841750827702609
0 0.5555555343627929 0.06313131072304466 0.046296310424804685 0.0841750827702609
0 0.5648148059844971 0.06313131072304466 0.027777767181396483 0.0841750827702609
0 0.5787036895751954 0.06313131072304466 0.018518543243408202 0.0841750827702609
0 0.6064814567565918 0.07996632836081764 0.03703703880310059 0.11784512346441095
0 0.6111111164093017 0.06313131072304466 0.046296310424804685 0.0841750827702609
0 0.6342592239379883 0.06313131072304466 0.07407402992248535 0.0841750827702609
0 0.6481481552124023 0.06313131072304466 0.06481480598449707 0.0841750827702609
0 0.6435185432434082 0.06313131072304466 0.03703703880310059 0.0841750827702609
0 0.6527777671813965 0.06313131072304466 0.037036991119384764 0.0841750827702609
0 0.6574073791503906 0.04629629308527166 0.027777767181396483 0.05050504749471491
0 0.6527777671813965 0.0378787869756872 0.037036991119384764 0.03367002985694192
0 0.6620369911193847 0.0378787869756872 0.03703703880310059 0.03367002985694192
0 0.6666666507720947 0.05471380190415816 0.027777767181396483 0.0673400651324879
0 0.6851851463317871 0.04629629308527166 0.027777814865112306 0.0841750827702609
0 0.6898147583007812 0.035774409770965576 0.03703703880310059 0.07154881954193115
0 0.7129629611968994 0.035774409770965576 0.027777767181396483 0.07154881954193115
0 0.7314814567565918 0.044191918589852074 0.046296310424804685 0.08838383717970415
0 0.7592592239379883 0.044191918589852074 0.08333334922790528 0.08838383717970415
0 0.7453703880310059 0.05471380190415816 0.03703703880310059 0.0673400651324879
0 0.7592592239379883 0.044191918589852074 0.027777814865112306 0.08838383717970415
0 0.7777777671813965 0.044191918589852074 0.027777767181396483 0.08838383717970415
0 0.8148147583007812 0.044191918589852074 0.08333330154418946 0.08838383717970415
0 0.8287036895751954 0.035774409770965576 0.018518447875976562 0.07154881954193115
0 0.8333333969116211 0.035774409770965576 0.027777767181396483 0.07154881954193115
0 0.861111068725586 0.035774409770965576 0.10185184478759765 0.07154881954193115
0 0.8796296119689941 0.02735690095207908 0.08333339691162109 0.05471380190415816
0 0.8981481552124023 0.0378787869756872 0.08333330154418946 0.03367002985694192
0 0.875 0.04629629308527166 0.037037086486816403 0.05050504749471491
0 0.8981481552124023 0.04629629308527166 0.009259223937988281 0.05050504749471491
0 0.9351852416992188 0.06944444504651157 0.0648148536682129 0.13888889009302313
0 0.9444444656372071 0.07996632836081764 0.0648148536682129 0.11784512346441095
0 0.9305555343627929 0.07996632836081764 0.037037086486816403 0.11784512346441095
0 0.9537036895751954 0.06102693622762507 0.08333339691162109 0.12205387245525014
0 0.9652777671813965 0.06102693622762507 0.06944446563720703 0.12205387245525014
0 0.9745370864868164 0.06313131072304466 0.050925922393798825 0.0841750827702609
0 0.9583333015441895 0.06313131072304466 0.055555534362792966 0.0841750827702609
0 0.9675926208496094 0.15361952781677246 0.05555562973022461 0.3072390556335449
0 0.9837963104248046 0.035774409770965576 0.032407379150390624 0.07154881954193115
0 0.9907407760620117 0.15361952781677246 0.009259319305419922 0.3072390556335449
0 0.057870370149612424 0.06313131072304466 0.11574074029922485 0.05050505291331898
0 0.03009259104728699 0.06313131072304466 0.06018518209457398 0.05050505291331898
0 0.08333333134651184 0.05471380190415816 0.04629629850387573 0.0673400651324879
0 0.08333333134651184 0.06313131072304466 0.02777777910232544 0.0841750827702609
0 0.09259259104728698 0.07154881954193115 0.02777777910232544 0.10101010582663796
0 0.07870370149612427 0.07154881954193115 0.07407407760620117 0.10101010582663796
