0 0.02083333283662796 0.02735690095207908 0.04166666567325592 0.05471380190415816
0 0.04166666567325592 0.035774409770965576 0.03703703284263611 0.07154881954193115
0 0.07407407164573669 0.02735690095207908 0.10185185670852662 0.05471380190415816
0 0.08333333134651184 0.02735690095207908 0.06481481790542602 0.05471380190415816
0 0.10648148059844971 0.02735690095207908 0.03703703880310059 0.05471380190415816
0 0.11574074029922485 0.02735690095207908 0.03703703880310059 0.05471380190415816
0 0.12962963581085205 0.02735690095207908 0.02777777910232544 0.05471380190415816
0 0.13888888359069823 0.02735690095207908 0.02777777910232544 0.05471380190415816
0 0.21296296119689942 0.035774409770965576 0.10185184478759765 0.07154881954193115
0 0.23611111640930177 0.0189393934878436 0.09259259700775146 0.0378787869756872
0 0.22685184478759765 0.035774409770965576 0.03703703880310059 0.07154881954193115
0 0.2592592477798462 0.035774409770965576 0.10185184478759765 0.07154881954193115
0 0.2962963104248047 0.02735690095207908 0.08333332538604736 0.05471380190415816
0 0.2731481552124023 0.035774409770965576 0.037037014961242676 0.07154881954193115
0 0.28240740299224854 0.02735690095207908 0.03703703880310059 0.05471380190415816
0 0.29629628658294677 0.02735690095207908 0.027777767181396483 0.05471380190415816
0 0.305555534362793 0.02735690095207908 0.027777791023254395 0.05471380190415816
0 0.31481480598449707 0.02735690095207908 0.06481480598449707 0.05471380190415816
0 0.3287036895751953 0.044191918589852074 0.03703703880310059 0.08838383717970415
0 0.3379629611968994 0.044191918589852074 0.03703703880310059 0.08838383717970415
0 0.3472222089767456 0.02735690095207908 0.03703703880310059 0.05471380190415816
0 0.3564814567565918 0.02735690095207908 0.05555555820465088 0.05471380190415816
0 0.40277776718139646 0.02735690095207908 0.055555534362792966 0.05471380190415816
0 0.41666665077209475 0.02735690095207908 0.04629628658294678 0.05471380190415816
0 0.5416666507720947 0.02735690095207908 0.12962961196899414 0.05471380190415816
0 0.5462963104248046 0.02735690095207908 0.08333334922790528 0.05471380190415816
0 0.611111068725586 0.02735690095207908 0.08333334922790528 0.05471380190415816
0 0.611111068725586 0.02735690095207908 0.06481480598449707 0.05471380190415816
0 0.625 0.02735690095207908 0.07407407760620117 0.05471380190415816
0 0.625 0.044191918589852074 0.055555534362792966 0.08838383717970415
0 0.6342592239379883 0.035774409770965576 0.05555558204650879 0.07154881954193115
0 0.6574073791503906 0.02735690095207908 0.08333334922790528 0.05471380190415816
0 0.6990740776062012 0.02735690095207908 0.12962961196899414 0.05471380190415816
0 0.6851851463317871 0.02735690095207908 0.06481480598449707 0.05471380190415816
0 0.7731481552124023 0.02735690095207908 0.05555558204650879 0.05471380190415816
0 0.7870369911193847 0.05260942740873857 0.04629626274108887 0.10521885481747714
0 0.7962963104248046 0.05260942740873857 0.046296310424804685 0.10521885481747714
0 0.8703703880310059 0.035774409770965576 0.046296310424804685 0.07154881954193115
0 0.8796296119689941 0.035774409770965576 0.027777862548828126 0.07154881954193115
0 0.8842592239379883 0.035774409770965576 0.037037086486816403 0.07154881954193115
0 0.888888931274414 0.035774409770965576 0.027777767181396483 0.07154881954193115
0 0.8981481552124023 0.035774409770965576 0.027777767181396483 0.07154881954193115
0 0.9166666030883789 0.02735690095207908 0.0648148536682129 0.05471380190415816
0 0.9305555343627929 0.02735690095207908 0.037037086486816403 0.05471380190415816
0 0.9398147583007812 0.02735690095207908 0.037036991119384764 0.05471380190415816
0 0.9537036895751954 0.02735690095207908 0.027777862548828126 0.05471380190415816
0 0.9629629135131836 0.05260942740873857 0.027777767181396483 0.10521885481747714
0 0.9675926208496094 0.06102693622762507 0.037036991119384764 0.12205387245525014
0 0.9768518447875977 0.035774409770965576 0.037037086486816403 0.07154881954193115
0 0.9791666030883789 0.06102693622762507 0.041666698455810544 0.12205387245525014
0 0.039351850748062134 0.029461278156800705 0.07870370149612427 0.05050504749471491
0 0.04398148059844971 0.035774409770965576 0.08796296119689942 0.07154881954193115
0 0.0277777761220932 0.035774409770965576 0.046296292543411256 0.07154881954193115
0 0.050925922393798825 0.035774409770965576 0.0555555522441864 0.07154881954193115
0 0.07407407164573669 0.035774409770965576 0.08333333730697631 0.07154881954193115
0 0.09722222089767456 0.035774409770965576 0.03703703880310059 0.07154881954193115
0 0.125 0.035774409770965576 0.03703703880310059 0.07154881954193115
0 0.12962963581085205 0.035774409770965576 0.02777777910232544 0.07154881954193115
0 0.13888888359069823 0.035774409770965576 0.02777777910232544 0.07154881954193115
0 0.15277777910232543 0.035774409770965576 0.03703703880310059 0.07154881954193115
0 0.1666666626930237 0.035774409770965576 0.06481480598449707 0.07154881954193115
0 0.22685184478759765 0.02735690095207908 0.09259259700775146 0.05471380190415816
0 0.2407407283782959 0.035774409770965576 0.08333333730697631 0.07154881954193115
0 0.23611111640930177 0.02735690095207908 0.03703703880310059 0.05471380190415816
0 0.2685185194015503 0.029461278156800705 0.10185184478759765 0.05050504749471491
0 0.2731481552124023 0.029461278156800705 0.037037014961242676 0.05050504749471491
0 0.29166665077209475 0.02735690095207908 0.037037014961242676 0.05471380190415816
0 0.305555534362793 0.035774409770965576 0.027777791023254395 0.07154881954193115
0 0.30092592239379884 0.035774409770965576 0.055555534362792966 0.07154881954193115
0 0.3194444179534912 0.035774409770965576 0.05555555820465088 0.07154881954193115
0 0.3333333253860474 0.02735690095207908 0.027777767181396483 0.05471380190415816
0 0.3564814805984497 0.02735690095207908 0.03703703880310059 0.05471380190415816
0 0.37962961196899414 0.035774409770965576 0.027777791023254395 0.07154881954193115
0 0.38888888359069823 0.035774409770965576 0.027777767181396483 0.07154881954193115
0 0.3981481552124023 0.035774409770965576 0.027777791023254395 0.07154881954193115
0 0.41666665077209475 0.035774409770965576 0.027777767181396483 0.07154881954193115
0 0.42592592239379884 0.035774409770965576 0.046296310424804685 0.07154881954193115
0 0.4351851463317871 0.035774409770965576 0.04629626274108887 0.07154881954193115
0 0.44907407760620116 0.035774409770965576 0.055555534362792966 0.07154881954193115
0 0.45833330154418944 0.02735690095207908 0.05555558204650879 0.05471380190415816
0 0.5046296119689941 0.035774409770965576 0.12962961196899414 0.07154881954193115
0 0.5138888835906983 0.02735690095207908 0.055555534362792966 0.05471380190415816
0 0.5324073791503906 0.035774409770965576 0.05555558204650879 0.07154881954193115
0 0.5509259223937988 0.035774409770965576 0.055555534362792966 0.07154881954193115
0 0.5648148059844971 0.035774409770965576 0.046296310424804685 0.07154881954193115
0 0.5740740776062012 0.0378787869756872 0.046296310424804685 0.0673400651324879
0 0.6018518447875977 0.029461278156800705 0.08333330154418946 0.05050504749471491
0 0.6018518447875977 0.029461278156800705 0.13888888359069823 0.05050504749471491
0 0.625 0.035774409770965576 0.12962961196899414 0.07154881954193115
0 0.6342592239379883 0.035774409770965576 0.03703703880310059 0.07154881954193115
0 0.6481481552124023 0.035774409770965576 0.027777767181396483 0.07154881954193115
0 0.6574073791503906 0.035774409770965576 0.06481480598449707 0.07154881954193115
0 0.6712963104248046 0.035774409770965576 0.03703703880310059 0.07154881954193115
0 0.6990740776062012 0.02735690095207908 0.05555558204650879 0.05471380190415816
0 0.7175925731658935 0.035774409770965576 0.055555534362792966 0.07154881954193115
0 0.7407407283782959 0.035774409770965576 0.0648148536682129 0.07154881954193115
0 0.7592592239379883 0.035774409770965576 0.04629626274108887 0.07154881954193115
0 0.7916666030883789 0.035774409770965576 0.09259257316589356 0.07154881954193115
0 0.8009259223937988 0.02735690095207908 0.09259262084960937 0.05471380190415816
0 0.7824073791503906 0.035774409770965576 0.055555534362792966 0.07154881954193115
0 0.8055555343627929 0.035774409770965576 0.046296310424804685 0.07154881954193115
0 0.8379629135131836 0.035774409770965576 0.055555534362792966 0.07154881954193115
0 0.8703703880310059 0.02735690095207908 0.10185184478759765 0.05471380190415816
0 0.875 0.02735690095207908 0.037037086486816403 0.05471380190415816
0 0.9074073791503906 0.035774409770965576 0.027777767181396483 0.07154881954193115
0 0.9212963104248046 0.035774409770965576 0.037036991119384764 0.07154881954193115
0 0.9351851463317871 0.02735690095207908 0.046296310424804685 0.05471380190415816
0 0.9351852416992188 0.02735690095207908 0.027777767181396483 0.05471380190415816
0 0.9444444656372071 0.02735690095207908 0.027777767181396483 0.05471380190415816
0 0.9722221374511719 0.035774409770965576 0.027777767181396483 0.07154881954193115
0 0.9837963104248046 0.035774409770965576 0.032407379150390624 0.07154881954193115
0 0.03240740597248078 0.044191918589852074 0.03703703284263611 0.08838383717970415
0 0.04629629552364349 0.044191918589852074 0.08333333134651184 0.08838383717970415
0 0.08796296119689942 0.044191918589852074 0.12962963581085205 0.08838383717970415
0 0.08333333134651184 0.044191918589852074 0.08333333730697631 0.08838383717970415
0 0.10185184478759765 0.044191918589852074 0.04629629850387573 0.08838383717970415
0 0.11574074029922485 0.044191918589852074 0.05555555820465088 0.08838383717970415
0 0.12962963581085205 0.044191918589852074 0.06481481790542602 0.08838383717970415
0 0.14814814329147338 0.044191918589852074 0.08333332538604736 0.08838383717970415
0 0.1666666626930237 0.044191918589852074 0.08333332538604736 0.08838383717970415
0 0.17592592239379884 0.044191918589852074 0.08333333730697631 0.08838383717970415
0 0.18518518209457396 0.044191918589852074 0.08333332538604736 0.08838383717970415
0 0.2314814805984497 0.035774409770965576 0.12037035226821899 0.07154881954193115
0 0.25462961196899414 0.044191918589852074 0.12962963581085205 0.08838383717970415
0 0.2731481552124023 0.04629629308527166 0.12962963581085205 0.0841750827702609
0 0.26851849555969237 0.0378787869756872 0.08333332538604736 0.0673400651324879
0 0.2685185194015503 0.044191918589852074 0.06481480598449707 0.08838383717970415
0 0.27777776718139646 0.044191918589852074 0.06481480598449707 0.08838383717970415
0 0.29166665077209475 0.044191918589852074 0.05555555820465088 0.08838383717970415
0 0.34259257316589353 0.044191918589852074 0.12037036418914795 0.08838383717970415
0 0.3657407283782959 0.044191918589852074 0.12962961196899414 0.08838383717970415
0 0.37962961196899414 0.044191918589852074 0.12037036418914795 0.08838383717970415
0 0.38888888359069823 0.044191918589852074 0.06481482982635497 0.08838383717970415
0 0.40740742683410647 0.035774409770965576 0.027777791023254395 0.07154881954193115
0 0.42592592239379884 0.035774409770965576 0.027777767181396483 0.07154881954193115
0 0.43518519401550293 0.035774409770965576 0.027777767181396483 0.07154881954193115
0 0.44907407760620116 0.0378787869756872 0.018518495559692382 0.0673400651324879
0 0.49537038803100586 0.0378787869756872 0.09259257316589356 0.0673400651324879
0 0.4907407283782959 0.035774409770965576 0.12037038803100586 0.07154881954193115
0 0.4814814567565918 0.035774409770965576 0.08333334922790528 0.07154881954193115
0 0.5277777671813965 0.044191918589852074 0.08333330154418946 0.08838383717970415
0 0.5694444656372071 0.04629629308527166 0.12962965965270995 0.0841750827702609
0 0.5879629135131836 0.0378787869756872 0.11111111640930176 0.0673400651324879
0 0.6018518447875977 0.035774409770965576 0.08333330154418946 0.07154881954193115
0 0.6342592239379883 0.035774409770965576 0.018518495559692382 0.07154881954193115
0 0.6481481552124023 0.044191918589852074 0.08333334922790528 0.08838383717970415
0 0.6759259223937988 0.044191918589852074 0.08333330154418946 0.08838383717970415
0 0.6851851463317871 0.044191918589852074 0.08333334922790528 0.08838383717970415
0 0.7083333015441895 0.035774409770965576 0.03703703880310059 0.07154881954193115
0 0.7129629611968994 0.02735690095207908 0.027777767181396483 0.05471380190415816
0 0.7175926208496094 0.035774409770965576 0.03703703880310059 0.07154881954193115
0 0.7546296119689941 0.035774409770965576 0.055555534362792966 0.07154881954193115
0 0.7546296119689941 0.035774409770965576 0.03703703880310059 0.07154881954193115
0 0.7685184955596924 0.035774409770965576 0.046296310424804685 0.07154881954193115
0 0.7777777671813965 0.035774409770965576 0.027777767181396483 0.07154881954193115
0 0.7870370388031006 0.035774409770965576 0.027777767181396483 0.07154881954193115
0 0.8055555343627929 0.02735690095207908 0.027777814865112306 0.05471380190415816
0 0.8101851463317871 0.035774409770965576 0.03703703880310059 0.07154881954193115
0 0.8287036895751954 0.04629629308527166 0.037037086486816403 0.0841750827702609
0 0.8379629135131836 0.044191918589852074 0.037036991119384764 0.08838383717970415
0 0.8472221374511719 0.0378787869756872 0.037036991119384764 0.0673400651324879
0 0.8518518447875977 0.035774409770965576 0.046296310424804685 0.07154881954193115
0 0.8564814567565918 0.044191918589852074 0.055555534362792966 0.08838383717970415
0 0.8935184478759766 0.044191918589852074 0.037036991119384764 0.08838383717970415
0 0.9166666030883789 0.044191918589852074 0.0648148536682129 0.08838383717970415
0 0.9305555343627929 0.044191918589852074 0.055555534362792966 0.08838383717970415
0 0.9166666030883789 0.035774409770965576 0.08333330154418946 0.07154881954193115
0 0.9305555343627929 0.035774409770965576 0.037037086486816403 0.07154881954193115
0 0.9490740776062012 0.035774409770965576 0.037037086486816403 0.07154881954193115
0 0.9537036895751954 0.044191918589852074 0.046296310424804685 0.08838383717970415
0 0.9629629135131836 0.044191918589852074 0.046296310424804685 0.08838383717970415
0 0.9768518447875977 0.035774409770965576 0.037037086486816403 0.07154881954193115
0 0.039351850748062134 0.05471380190415816 0.07870370149612427 0.0673400651324879
0 0.0277777761220932 0.05471380190415816 0.046296292543411256 0.0673400651324879
0 0.0277777761220932 0.04629629308527166 0.02777777910232544 0.0841750827702609
0 0.07407407164573669 0.044191918589852074 0.08333333730697631 0.08838383717970415
0 0.10185185670852662 0.044191918589852074 0.12037037611007691 0.08838383717970415
0 0.125 0.044191918589852074 0.1296296238899231 0.08838383717970415
0 0.15277777910232543 0.044191918589852074 0.12962963581085205 0.08838383717970415
0 0.17129629850387573 0.04629629308527166 0.12962963581085205 0.0841750827702609
0 0.19444444179534912 0.044191918589852074 0.12037037611007691 0.08838383717970415
0 0.21759259700775146 0.044191918589852074 0.1296296238899231 0.08838383717970415
0 0.2407407283782959 0.04629629308527166 0.12037036418914795 0.0841750827702609
0 0.2592592477798462 0.05471380190415816 0.13888888359069823 0.0673400651324879
0 0.30092592239379884 0.04629629308527166 0.12962961196899414 0.0841750827702609
0 0.31944444179534914 0.044191918589852074 0.12962961196899414 0.08838383717970415
0 0.33333334922790525 0.04629629308527166 0.12037036418914795 0.0841750827702609
0 0.3564814805984497 0.04629629308527166 0.12962965965270995 0.0841750827702609
0 0.39814813137054444 0.05471380190415816 0.12037034034729004 0.10101010582663796
0 0.41666665077209475 0.12205387245525014 0.12037036418914795 0.23569022525440564
0 0.43518519401550293 0.13047138127413663 0.10185186862945557 0.21885520761663263
0 0.4444444179534912 0.04629629308527166 0.10185182094573975 0.0841750827702609
0 0.4629629611968994 0.04629629308527166 0.10185184478759765 0.0841750827702609
0 0.4629629611968994 0.06313131072304466 0.12037038803100586 0.11784512346441095
0 0.4907407283782959 0.06313131072304466 0.10185184478759765 0.11784512346441095
0 0.4814814567565918 0.06944444504651157 0.08333334922790528 0.13888889009302313
0 0.5092592239379883 0.06102693622762507 0.04629626274108887 0.12205387245525014
0 0.5324073791503906 0.05260942740873857 0.11111111640930176 0.10521885481747714
0 0.5416666984558105 0.05260942740873857 0.11111111640930176 0.10521885481747714
0 0.5462963104248046 0.06313131072304466 0.12037034034729004 0.0841750827702609
0 0.5740740776062012 0.05471380190415816 0.10185184478759765 0.0673400651324879
0 0.6018518447875977 0.05471380190415816 0.08333330154418946 0.0673400651324879
0 0.62037034034729 0.05471380190415816 0.10185184478759765 0.0673400651324879
0 0.6203703880310059 0.04629629308527166 0.04629626274108887 0.0841750827702609
0 0.6342592239379883 0.05471380190415816 0.03703703880310059 0.10101010582663796
0 0.6342592239379883 0.05471380190415816 0.07407402992248535 0.10101010582663796
0 0.6574073791503906 0.05471380190415816 0.06481480598449707 0.10101010582663796
0 0.6759259223937988 0.05471380190415816 0.046296310424804685 0.10101010582663796
0 0.7037036895751954 0.05471380190415816 0.13888888359069823 0.10101010582663796
0 0.7268518447875977 0.05471380190415816 0.11111111640930176 0.10101010582663796
0 0.7407407283782959 0.05471380190415816 0.12037038803100586 0.0673400651324879
0 0.7638888359069824 0.07996632836081764 0.09259257316589356 0.11784512346441095
0 0.7638888835906983 0.06944444504651157 0.07407407760620117 0.13888889009302313
0 0.7916666984558105 0.06944444504651157 0.11111111640930176 0.13888889009302313
0 0.7916666507720947 0.07996632836081764 0.07407407760620117 0.15151515873995694
0 0.7916666984558105 0.05471380190415816 0.05555558204650879 0.10101010582663796
0 0.8148147583007812 0.05471380190415816 0.0648148536682129 0.10101010582663796
0 0.8287036895751954 0.05471380190415816 0.055555534362792966 0.10101010582663796
0 0.8379629135131836 0.06313131072304466 0.055555534362792966 0.0841750827702609
0 0.8518518447875977 0.05471380190415816 0.06481475830078125 0.10101010582663796
0 0.8703702926635742 0.05260942740873857 0.0648148536682129 0.10521885481747714
0 0.8981481552124023 0.05260942740873857 0.046296310424804685 0.10521885481747714
0 0.8935184478759766 0.05260942740873857 0.07407407760620117 0.10521885481747714
0 0.9166666030883789 0.06313131072304466 0.0648148536682129 0.0841750827702609
0 0.9351851463317871 0.04629629308527166 0.046296310424804685 0.0841750827702609
0 0.9560184478759766 0.035774409770965576 0.08796300888061523 0.07154881954193115
0 0.9560184478759766 0.05260942740873857 0.08796300888061523 0.10521885481747714
0 0.9583333969116211 0.11994949254122647 0.07407407760620117 0.23989898508245294
0 0.9675926208496094 0.11153198372233998 0.05555562973022461 0.22306396744467996
0 0.9768518447875977 0.05260942740873857 0.037037086486816403 0.10521885481747714
0 0.039351850748062134 0.07154881954193115 0.07870370149612427 0.06734007055109198
0 0.04398148059844971 0.07154881954193115 0.08796296119689942 0.06734007055109198
0 0.053240740299224855 0.05260942740873857 0.10648148059844971 0.10521885481747714
0 0.057870370149612424 0.07154881954193115 0.11574074029922485 0.06734007055109198
0 0.09259259104728698 0.07154881954193115 0.12037037611007691 0.06734007055109198
0 0.12037036418914795 0.07154881954193115 0.12037037611007691 0.06734007055109198
0 0.14814814329147338 0.07154881954193115 0.12037036418914795 0.06734007055109198
0 0.17592592239379884 0.07154881954193115 0.12037037611007691 0.06734007055109198
0 0.18518518209457396 0.07996632836081764 0.12037036418914795 0.05050505291331898
0 0.21296296119689942 0.07154881954193115 0.12037037611007691 0.06734007055109198
0 0.2407407283782959 0.07154881954193115 0.12037036418914795 0.06734007055109198
0 0.26851849555969237 0.07154881954193115 0.12037036418914795 0.06734007055109198
0 0.2962963104248047 0.07154881954193115 0.12037036418914795 0.06734007055109198
0 0.32407407760620116 0.07154881954193115 0.12037036418914795 0.06734007055109198
0 0.3518518447875977 0.07154881954193115 0.12037038803100586 0.06734007055109198
0 0.37962961196899414 0.07154881954193115 0.12037036418914795 0.06734007055109198
0 0.4074073791503906 0.07154881954193115 0.12037036418914795 0.06734007055109198
0 0.41666665077209475 0.05260942740873857 0.12037036418914795 0.10521885481747714
0 0.430555534362793 0.044191918589852074 0.11111111640930176 0.08838383717970415
0 0.4351851463317871 0.06313131072304466 0.12037034034729004 0.0841750827702609
0 0.4675926208496094 0.06313131072304466 0.11111111640930176 0.0841750827702609
0 0.48611106872558596 0.06313131072304466 0.09259257316589356 0.0841750827702609
0 0.49537038803100586 0.07154881954193115 0.09259257316589356 0.06734007055109198
0 0.5138888359069824 0.05260942740873857 0.11111111640930176 0.10521885481747714
0 0.5833333015441895 0.08838383717970415 0.10185189247131347 0.10101010582663796
0 0.5972222328186035 0.07154881954193115 0.09259257316589356 0.06734007055109198
0 0.6064814567565918 0.08838383717970415 0.09259257316589356 0.10101010582663796
0 0.5925925731658935 0.06313131072304466 0.046296310424804685 0.0841750827702609
0 0.6064814567565918 0.07154881954193115 0.05555558204650879 0.06734007055109198
0 0.6203703880310059 0.06313131072304466 0.06481480598449707 0.0841750827702609
0 0.6296296119689941 0.04629629308527166 0.06481480598449707 0.05050504749471491
0 0.6481481552124023 0.06313131072304466 0.04629626274108887 0.0841750827702609
0 0.6435184955596924 0.06313131072304466 0.07407407760620117 0.0841750827702609
0 0.6620370388031006 0.07154881954193115 0.055555534362792966 0.10101010582663796
0 0.7129629611968994 0.06313131072304466 0.10185184478759765 0.0841750827702609
0 0.7407407283782959 0.07154881954193115 0.12037038803100586 0.06734007055109198
0 0.7592592239379883 0.07154881954193115 0.08333334922790528 0.06734007055109198
0 0.7824073791503906 0.07154881954193115 0.074074125289917 0.06734007055109198
0 0.7870370388031006 0.07154881954193115 0.12037038803100586 0.06734007055109198
0 0.8101851463317871 0.05260942740873857 0.11111106872558593 0.10521885481747714
0 0.8194444656372071 0.07154881954193115 0.11111111640930176 0.06734007055109198
0 0.8287036895751954 0.06313131072304466 0.11111106872558593 0.0841750827702609
