0 0.07407407164573669 0.0189393934878436 0.04629629850387573 0.0378787869756872
0 0.36111111640930177 0.0189393934878436 0.04629628658294678 0.0378787869756872
0 0.3657407283782959 0.0189393934878436 0.03703703880310059 0.0378787869756872
0 0.4768518447875977 0.02735690095207908 0.055555534362792966 0.05471380190415816
0 0.48611106872558596 0.02735690095207908 0.05555558204650879 0.05471380190415816
0 0.4907407283782959 0.02735690095207908 0.046296310424804685 0.05471380190415816
0 0.5046296119689941 0.02735690095207908 0.055555534362792966 0.05471380190415816
0 0.5138888359069824 0.02735690095207908 0.03703703880310059 0.05471380190415816
0 0.5231481552124023 0.02735690095207908 0.03703703880310059 0.05471380190415816
0 0.5324073791503906 0.02735690095207908 0.03703703880310059 0.05471380190415816
0 0.5462963104248046 0.02735690095207908 0.04629626274108887 0.05471380190415816
0 0.5648148059844971 0.02735690095207908 0.046296310424804685 0.05471380190415816
0 0.5787036895751954 0.02735690095207908 0.03703703880310059 0.05471380190415816
0 0.5879629135131836 0.02735690095207908 0.03703703880310059 0.05471380190415816
0 0.5972222328186035 0.02735690095207908 0.03703703880310059 0.05471380190415816
0 0.6157407283782959 0.02735690095207908 0.055555534362792966 0.05471380190415816
0 0.736111068725586 0.0189393934878436 0.05555558204650879 0.0378787869756872
0 0.736111068725586 0.0189393934878436 0.03703703880310059 0.0378787869756872
0 0.7546296119689941 0.0189393934878436 0.03703703880310059 0.0378787869756872
0 0.7592592239379883 0.0189393934878436 0.027777814865112306 0.0378787869756872
0 0.7685184955596924 0.0189393934878436 0.027777767181396483 0.0378787869756872
0 0.7777777671813965 0.0189393934878436 0.027777767181396483 0.0378787869756872
0 0.7824073791503906 0.0189393934878436 0.03703703880310059 0.0378787869756872
0 0.8009259223937988 0.0189393934878436 0.09259262084960937 0.0378787869756872
0 0.9074073791503906 0.0189393934878436 0.12037038803100586 0.0378787869756872
0 0.9629629135131836 0.0189393934878436 0.046296310424804685 0.0378787869756872
0 0.9722222328186035 0.0189393934878436 0.046296310424804685 0.0378787869756872
0 0.039351850748062134 0.0189393934878436 0.07870370149612427 0.0378787869756872
0 0.037037035822868346 0.010521885346282612 0.06481481194496155 0.021043770692565224
0 0.057870370149612424 0.0189393934878436 0.11574074029922485 0.0378787869756872
0 0.07870370149612427 0.0189393934878436 0.09259259700775146 0.0378787869756872
0 0.08333333134651184 0.0189393934878436 0.04629629850387573 0.0378787869756872
0 0.08796296119689942 0.010521885346282612 0.05555555820465088 0.021043770692565224
0 0.10185184478759765 0.0189393934878436 0.04629629850387573 0.0378787869756872
0 0.11574074029922485 0.010521885346282612 0.05555555820465088 0.021043770692565224
0 0.1435185194015503 0.010521885346282612 0.05555555820465088 0.021043770692565224
0 0.16203703880310058 0.0189393934878436 0.055555546283721925 0.0378787869756872
0 0.17129628658294677 0.010521885346282612 0.055555546283721925 0.021043770692565224
0 0.21759259700775146 0.02735690095207908 0.09259258508682251 0.05471380190415816
0 0.21759257316589356 0.02735690095207908 0.05555555820465088 0.05471380190415816
0 0.2314814805984497 0.0189393934878436 0.027777767181396483 0.0378787869756872
0 0.25462961196899414 0.0189393934878436 0.05555555820465088 0.0378787869756872
0 0.29166665077209475 0.02735690095207908 0.09259259700775146 0.05471380190415816
0 0.28240740299224854 0.02735690095207908 0.055555534362792966 0.05471380190415816
0 0.31944444179534914 0.02735690095207908 0.09259257316589356 0.05471380190415816
0 0.31481480598449707 0.0189393934878436 0.046296310424804685 0.0378787869756872
0 0.32407407760620116 0.0189393934878436 0.04629628658294678 0.0378787869756872
0 0.3333333253860474 0.0189393934878436 0.046296310424804685 0.0378787869756872
0 0.34722223281860354 0.0189393934878436 0.05555555820465088 0.0378787869756872
0 0.3564814805984497 0.02735690095207908 0.03703703880310059 0.05471380190415816
0 0.375 0.02735690095207908 0.03703703880310059 0.05471380190415816
0 0.3935185194015503 0.02735690095207908 0.05555558204650879 0.05471380190415816
0 0.40277776718139646 0.0189393934878436 0.07407407760620117 0.0378787869756872
0 0.41666665077209475 0.02735690095207908 0.06481482982635497 0.05471380190415816
0 0.430555534362793 0.02735690095207908 0.055555534362792966 0.05471380190415816
0 0.44907407760620116 0.02735690095207908 0.055555534362792966 0.05471380190415816
0 0.45833330154418944 0.02735690095207908 0.03703703880310059 0.05471380190415816
0 0.4768518447875977 0.02735690095207908 0.055555534362792966 0.05471380190415816
0 0.5 0.02735690095207908 0.027777767181396483 0.05471380190415816
0 0.5092592239379883 0.02735690095207908 0.027777814865112306 0.05471380190415816
0 0.5185184955596924 0.02735690095207908 0.027777767181396483 0.05471380190415816
0 0.5277777671813965 0.02735690095207908 0.027777767181396483 0.05471380190415816
0 0.5370370388031006 0.0189393934878436 0.027777767181396483 0.0378787869756872
0 0.5462963104248046 0.0189393934878436 0.027777814865112306 0.0378787869756872
0 0.5555555343627929 0.0189393934878436 0.027777767181396483 0.0378787869756872
0 0.5648148059844971 0.0189393934878436 0.027777767181396483 0.0378787869756872
0 0.5740740776062012 0.0189393934878436 0.027777767181396483 0.0378787869756872
0 0.5787036895751954 0.02735690095207908 0.03703703880310059 0.05471380190415816
0 0.5879629135131836 0.02735690095207908 0.03703703880310059 0.05471380190415816
0 0.5972222328186035 0.02735690095207908 0.03703703880310059 0.05471380190415816
0 0.6157407760620117 0.05260942740873857 0.03703703880310059 0.10521885481747714
0 0.6296296119689941 0.05471380190415816 0.046296310424804685 0.10101010582663796
0 0.6527777671813965 0.02735690095207908 0.07407407760620117 0.05471380190415816
0 0.6712963104248046 0.02735690095207908 0.09259257316589356 0.05471380190415816
0 0.7083333015441895 0.02735690095207908 0.09259257316589356 0.05471380190415816
0 0.6990740776062012 0.02735690095207908 0.05555558204650879 0.05471380190415816
0 0.7083333015441895 0.02735690095207908 0.05555558204650879 0.05471380190415816
0 0.7268518447875977 0.0189393934878436 0.055555534362792966 0.0378787869756872
0 0.7268518447875977 0.0189393934878436 0.03703703880310059 0.0378787869756872
0 0.7407407283782959 0.0189393934878436 0.027777767181396483 0.0378787869756872
0 0.7638888835906983 0.0189393934878436 0.018518543243408202 0.0378787869756872
0 0.7731481552124023 0.0189393934878436 0.018518495559692382 0.0378787869756872
0 0.7870370388031006 0.0189393934878436 0.027777767181396483 0.0378787869756872
0 0.7824073791503906 0.010521885346282612 0.055555534362792966 0.021043770692565224
0 0.8240740776062012 0.0189393934878436 0.046296310424804685 0.0378787869756872
0 0.8425926208496094 0.0189393934878436 0.0648148536682129 0.0378787869756872
0 0.861111068725586 0.0189393934878436 0.0648148536682129 0.0378787869756872
0 0.888888931274414 0.010521885346282612 0.08333330154418946 0.021043770692565224
0 0.8796296119689941 0.010521885346282612 0.12037029266357421 0.021043770692565224
0 0.888888931274414 0.010521885346282612 0.12037038803100586 0.021043770692565224
0 0.9375 0.0189393934878436 0.125 0.0378787869756872
0 0.9259259223937988 0.010521885346282612 0.08333339691162109 0.021043770692565224
0 0.9351852416992188 0.0189393934878436 0.08333330154418946 0.0378787869756872
0 0.9444444656372071 0.010521885346282612 0.08333330154418946 0.021043770692565224
0 0.9699073791503906 0.0189393934878436 0.06018524169921875 0.0378787869756872
0 0.9629629135131836 0.010521885346282612 0.0648148536682129 0.021043770692565224
0 0.01620370298624039 0.0189393934878436 0.03240740597248078 0.0378787869756872
0 0.01620370298624039 0.021043770692565224 0.03240740597248078 0.03367003256624395
0 0.023148147761821745 0.021043770692565224 0.037037035822868346 0.03367003256624395
0 0.037037035822868346 0.029461278156800705 0.027777773141860963 0.05050504749471491
0 0.037037035822868346 0.029461278156800705 0.046296292543411256 0.05050504749471491
0 0.050925922393798825 0.029461278156800705 0.037037035822868346 0.05050504749471491
0 0.06018518209457398 0.029461278156800705 0.037037035822868346 0.05050504749471491
0 0.06944444179534912 0.029461278156800705 0.03703703880310059 0.05050504749471491
0 0.07870370149612427 0.029461278156800705 0.03703703880310059 0.05050504749471491
0 0.09722222089767456 0.029461278156800705 0.03703703880310059 0.05050504749471491
0 0.10648148059844971 0.029461278156800705 0.03703703880310059 0.05050504749471491
0 0.11574074029922485 0.029461278156800705 0.03703703880310059 0.05050504749471491
0 0.12962963581085205 0.029461278156800705 0.02777777910232544 0.05050504749471491
0 0.1435185194015503 0.029461278156800705 0.03703703880310059 0.05050504749471491
0 0.15277777910232543 0.029461278156800705 0.03703703880310059 0.05050504749471491
0 0.16203703880310058 0.029461278156800705 0.03703703880310059 0.05050504749471491
0 0.17129628658294677 0.029461278156800705 0.03703702688217163 0.05050504749471491
0 0.18055555820465088 0.029461278156800705 0.03703702688217163 0.05050504749471491
0 0.18981480598449707 0.029461278156800705 0.03703702688217163 0.05050504749471491
0 0.20370371341705323 0.0378787869756872 0.06481481790542602 0.0673400651324879
0 0.21759259700775146 0.029461278156800705 0.03703705072402954 0.05050504749471491
0 0.22685184478759765 0.029461278156800705 0.03703703880310059 0.05050504749471491
0 0.24537038803100586 0.029461278156800705 0.05555555820465088 0.05050504749471491
0 0.25462961196899414 0.035774409770965576 0.05555555820465088 0.07154881954193115
0 0.2731481552124023 0.029461278156800705 0.05555555820465088 0.05050504749471491
0 0.2731481552124023 0.029461278156800705 0.037037014961242676 0.05050504749471491
0 0.30092592239379884 0.029461278156800705 0.03703703880310059 0.05050504749471491
0 0.3194444179534912 0.029461278156800705 0.05555555820465088 0.05050504749471491
0 0.3379629611968994 0.029461278156800705 0.05555555820465088 0.05050504749471491
0 0.3472222089767456 0.029461278156800705 0.03703703880310059 0.05050504749471491
0 0.38888888359069823 0.0378787869756872 0.06481482982635497 0.0673400651324879
0 0.40277776718139646 0.0378787869756872 0.055555534362792966 0.0673400651324879
0 0.4212963104248047 0.0378787869756872 0.05555555820465088 0.0673400651324879
0 0.43981480598449707 0.0378787869756872 0.055555534362792966 0.0673400651324879
0 0.4537036895751953 0.029461278156800705 0.06481480598449707 0.05050504749471491
0 0.4629629135131836 0.0378787869756872 0.06481480598449707 0.0673400651324879
0 0.48611106872558596 0.0378787869756872 0.05555558204650879 0.0673400651324879
0 0.5046296119689941 0.02735690095207908 0.055555534362792966 0.05471380190415816
0 0.5138888835906983 0.035774409770965576 0.055555534362792966 0.07154881954193115
0 0.5231481552124023 0.035774409770965576 0.03703703880310059 0.07154881954193115
0 0.5416666984558105 0.02735690095207908 0.03703703880310059 0.05471380190415816
0 0.5509259223937988 0.02735690095207908 0.03703703880310059 0.05471380190415816
0 0.5555555343627929 0.06102693622762507 0.046296310424804685 0.12205387245525014
0 0.5740740776062012 0.06102693622762507 0.06481480598449707 0.12205387245525014
0 0.5925926208496094 0.06102693622762507 0.06481480598449707 0.12205387245525014
0 0.6203703880310059 0.06102693622762507 0.06481480598449707 0.12205387245525014
0 0.6388888359069824 0.035774409770965576 0.06481480598449707 0.07154881954193115
0 0.6712963104248046 0.029461278156800705 0.05555558204650879 0.05050504749471491
0 0.6898148059844971 0.029461278156800705 0.055555534362792966 0.05050504749471491
0 0.7129629135131836 0.029461278156800705 0.06481480598449707 0.05050504749471491
0 0.7314814567565918 0.029461278156800705 0.06481480598449707 0.05050504749471491
0 0.7407407283782959 0.02735690095207908 0.0648148536682129 0.05471380190415816
0 0.7592592239379883 0.02735690095207908 0.06481480598449707 0.05471380190415816
0 0.7685185432434082 0.029461278156800705 0.06481480598449707 0.05050504749471491
0 0.7731481552124023 0.029461278156800705 0.03703703880310059 0.05050504749471491
0 0.7870369911193847 0.02735690095207908 0.04629626274108887 0.05471380190415816
0 0.7962963104248046 0.02735690095207908 0.046296310424804685 0.05471380190415816
0 0.8055555343627929 0.02735690095207908 0.046296310424804685 0.05471380190415816
0 0.8240740776062012 0.02735690095207908 0.06481480598449707 0.05471380190415816
0 0.8379629135131836 0.021043770692565224 0.037036991119384764 0.03367003256624395
0 0.8472221374511719 0.021043770692565224 0.037036991119384764 0.03367003256624395
0 0.8564814567565918 0.029461278156800705 0.055555534362792966 0.05050504749471491
0 0.8657407760620117 0.029461278156800705 0.037036991119384764 0.05050504749471491
0 0.9120370864868164 0.029461278156800705 0.037036991119384764 0.05050504749471491
0 0.9351851463317871 0.029461278156800705 0.046296310424804685 0.05050504749471491
0 0.9351852416992188 0.029461278156800705 0.027777767181396483 0.05050504749471491
0 0.9583333015441895 0.029461278156800705 0.055555534362792966 0.05050504749471491
0 0.9583333015441895 0.029461278156800705 0.037037086486816403 0.05050504749471491
0 0.9722221374511719 0.029461278156800705 0.027777767181396483 0.05050504749471491
0 0.9814815521240234 0.029461278156800705 0.027777767181396483 0.05050504749471491
0 0.01620370298624039 0.035774409770965576 0.03240740597248078 0.07154881954193115
0 0.0277777761220932 0.14520201899788596 0.02777777910232544 0.2904040379957719
0 0.037037035822868346 0.15361952781677246 0.027777773141860963 0.3072390556335449
0 0.0555555522441864 0.15361952781677246 0.0277777761220932 0.3072390556335449
0 0.06944444179534912 0.15361952781677246 0.03703703880310059 0.3072390556335449
0 0.07407407164573669 0.044191918589852074 0.02777777910232544 0.08838383717970415
0 0.08796296119689942 0.15361952781677246 0.03703703880310059 0.3072390556335449
0 0.09722222089767456 0.15361952781677246 0.03703703880310059 0.3072390556335449
0 0.10648148059844971 0.15361952781677246 0.03703703880310059 0.3072390556335449
0 0.11574074029922485 0.15361952781677246 0.03703703880310059 0.3072390556335449
0 0.125 0.15361952781677246 0.03703703880310059 0.3072390556335449
0 0.13888888359069823 0.15361952781677246 0.02777777910232544 0.3072390556335449
0 0.15740740299224854 0.15361952781677246 0.02777777910232544 0.3072390556335449
0 0.17592592239379884 0.044191918589852074 0.027777767181396483 0.08838383717970415
0 0.18981480598449707 0.044191918589852074 0.03703702688217163 0.08838383717970415
0 0.20833332538604737 0.06944444504651157 0.03703703880310059 0.13888889009302313
0 0.2222222089767456 0.044191918589852074 0.04629629850387573 0.08838383717970415
0 0.2314814805984497 0.15361952781677246 0.046296310424804685 0.3072390556335449
0 0.24537036418914795 0.15361952781677246 0.03703703880310059 0.3072390556335449
0 0.2546296358108521 0.02735690095207908 0.03703703880310059 0.05471380190415816
0 0.305555534362793 0.05471380190415816 0.04629628658294678 0.0673400651324879
0 0.310185170173645 0.044191918589852074 0.03703703880310059 0.08838383717970415
0 0.31481480598449707 0.15361952781677246 0.046296310424804685 0.3072390556335449
0 0.3287036895751953 0.15361952781677246 0.03703703880310059 0.3072390556335449
0 0.3379629611968994 0.15361952781677246 0.03703703880310059 0.3072390556335449
0 0.3518518447875977 0.035774409770965576 0.046296310424804685 0.07154881954193115
0 0.36111111640930177 0.035774409770965576 0.04629628658294678 0.07154881954193115
0 0.3703703641891479 0.035774409770965576 0.046296310424804685 0.07154881954193115
0 0.37962961196899414 0.044191918589852074 0.04629628658294678 0.08838383717970415
0 0.42592592239379884 0.044191918589852074 0.12037038803100586 0.08838383717970415
0 0.4537036895751953 0.05471380190415816 0.12037036418914795 0.0673400651324879
0 0.4629629611968994 0.06313131072304466 0.12037038803100586 0.05050505291331898
0 0.4814814567565918 0.04629629308527166 0.12037034034729004 0.05050504749471491
0 0.5092592239379883 0.04629629308527166 0.12037034034729004 0.05050504749471491
0 0.5277777671813965 0.035774409770965576 0.10185184478759765 0.07154881954193115
0 0.5046296119689941 0.02735690095207908 0.03703703880310059 0.05471380190415816
0 0.5138888359069824 0.035774409770965576 0.03703703880310059 0.07154881954193115
0 0.5231481552124023 0.035774409770965576 0.03703703880310059 0.07154881954193115
0 0.5601851463317871 0.035774409770965576 0.11111111640930176 0.07154881954193115
0 0.5509259223937988 0.035774409770965576 0.07407407760620117 0.07154881954193115
0 0.5509259223937988 0.15361952781677246 0.03703703880310059 0.3072390556335449
0 0.5601851463317871 0.15361952781677246 0.03703703880310059 0.3072390556335449
0 0.5694444656372071 0.15361952781677246 0.03703703880310059 0.3072390556335449
0 0.5787036895751954 0.15361952781677246 0.03703703880310059 0.3072390556335449
0 0.5879629135131836 0.15361952781677246 0.03703703880310059 0.3072390556335449
0 0.5972222328186035 0.15361952781677246 0.03703703880310059 0.3072390556335449
0 0.6064814567565918 0.15361952781677246 0.03703703880310059 0.3072390556335449
0 0.6157407760620117 0.15361952781677246 0.03703703880310059 0.3072390556335449
0 0.625 0.15361952781677246 0.03703703880310059 0.3072390556335449
0 0.6342592239379883 0.15361952781677246 0.03703703880310059 0.3072390556335449
0 0.6481481552124023 0.02735690095207908 0.04629626274108887 0.05471380190415816
0 0.6898148059844971 0.0378787869756872 0.11111106872558593 0.03367002985694192
0 0.6712963104248046 0.0378787869756872 0.05555558204650879 0.03367002985694192
0 0.6805555343627929 0.04629629308527166 0.055555534362792966 0.05050504749471491
0 0.6990740776062012 0.04629629308527166 0.05555558204650879 0.05050504749471491
0 0.7175925731658935 0.04629629308527166 0.055555534362792966 0.05050504749471491
0 0.7222222328186035 0.035774409770965576 0.04629626274108887 0.07154881954193115
0 0.7314814567565918 0.035774409770965576 0.046296310424804685 0.07154881954193115
0 0.7777777671813965 0.04629629308527166 0.12037034034729004 0.05050504749471491
0 0.7592592239379883 0.04629629308527166 0.06481480598449707 0.05050504749471491
0 0.7777777671813965 0.035774409770965576 0.046296310424804685 0.07154881954193115
0 0.7870370388031006 0.02735690095207908 0.027777767181396483 0.05471380190415816
0 0.8009259223937988 0.02735690095207908 0.037037086486816403 0.05471380190415816
0 0.8101851463317871 0.04629629308527166 0.03703703880310059 0.01683501492847096
0 0.8333333969116211 0.02735690095207908 0.027777767181396483 0.05471380190415816
0 0.8379629135131836 0.02735690095207908 0.037036991119384764 0.05471380190415816
0 0.8518518447875977 0.02735690095207908 0.046296310424804685 0.05471380190415816
0 0.861111068725586 0.04629629308527166 0.046296310424804685 0.01683501492847096
0 0.8657407760620117 0.0378787869756872 0.037036991119384764 0.03367002985694192
0 0.8796296119689941 0.0378787869756872 0.027777862548828126 0.03367002985694192
0 0.888888931274414 0.0378787869756872 0.027777767181396483 0.03367002985694192
0 0.9027777671813965 0.15361952781677246 0.037037086486816403 0.3072390556335449
0 0.9074073791503906 0.02735690095207908 0.027777767181396483 0.05471380190415816
0 0.9166666030883789 0.02735690095207908 0.027777767181396483 0.05471380190415816
0 0.9259258270263672 0.0378787869756872 0.027777767181396483 0.03367002985694192
0 0.9351852416992188 0.0378787869756872 0.027777767181396483 0.03367002985694192
0 0.9537036895751954 0.0378787869756872 0.046296310424804685 0.03367002985694192
0 0.9675926208496094 0.0378787869756872 0.05555562973022461 0.03367002985694192
0 0.9675926208496094 0.0378787869756872 0.037036991119384764 0.03367002985694192
0 0.9768518447875977 0.0378787869756872 0.037037086486816403 0.03367002985694192
0 0.9791666030883789 0.029461278156800705 0.041666698455810544 0.05050504749471491
0 0.039351850748062134 0.05471380190415816 0.07870370149612427 0.0673400651324879
0 0.01620370298624039 0.06313131072304466 0.03240740597248078 0.0841750827702609
0 0.0277777761220932 0.06313131072304466 0.02777777910232544 0.0841750827702609
0 0.03240740597248078 0.08838383717970415 0.03703703284263611 0.13468014110218396
0 0.050925922393798825 0.09680134599859064 0.037037035822868346 0.11784512346441095
0 0.06018518209457398 0.09680134599859064 0.037037035822868346 0.11784512346441095
0 0.06944444179534912 0.09680134599859064 0.03703703880310059 0.11784512346441095
0 0.07870370149612427 0.09680134599859064 0.03703703880310059 0.11784512346441095
0 0.08333333134651184 0.07996632836081764 0.04629629850387573 0.08417508818886497
0 0.09259259104728698 0.07996632836081764 0.04629629850387573 0.08417508818886497
0 0.10185184478759765 0.08838383717970415 0.04629629850387573 0.10101010582663796
0 0.11111111640930176 0.07996632836081764 0.04629629850387573 0.08417508818886497
0 0.12037036418914795 0.08838383717970415 0.04629629850387573 0.10101010582663796
0 0.12962963581085205 0.08838383717970415 0.04629629850387573 0.10101010582663796
0 0.14814815521240235 0.08838383717970415 0.02777777910232544 0.10101010582663796
0 0.15740740299224854 0.07996632836081764 0.02777777910232544 0.08417508818886497
0 0.1666666626930237 0.08838383717970415 0.04629628658294678 0.10101010582663796
0 0.17592592239379884 0.07996632836081764 0.04629628658294678 0.08417508818886497
0 0.18055555820465088 0.09680134599859064 0.03703702688217163 0.11784512346441095
0 0.19444444179534912 0.09680134599859064 0.04629629850387573 0.11784512346441095
0 0.20833332538604737 0.09680134599859064 0.03703703880310059 0.11784512346441095
0 0.2222222089767456 0.09680134599859064 0.04629629850387573 0.11784512346441095
0 0.25 0.09680134599859064 0.046296310424804685 0.08417508818886497
0 0.2546296358108521 0.08838383717970415 0.03703703880310059 0.10101010582663796
0 0.26388888359069823 0.08838383717970415 0.03703703880310059 0.10101010582663796
0 0.2731481552124023 0.08838383717970415 0.037037014961242676 0.10101010582663796
