0 0.053240740299224855 0.02735690095207908 0.10648148059844971 0.05471380190415816
0 0.12962963581085205 0.0189393934878436 0.08333333730697631 0.0378787869756872
0 0.18518518209457396 0.0189393934878436 0.12037036418914795 0.0378787869756872
0 0.21296296119689942 0.02735690095207908 0.08333333730697631 0.05471380190415816
0 0.19444444179534912 0.02735690095207908 0.027777767181396483 0.05471380190415816
0 0.19444444179534912 0.02735690095207908 0.027777767181396483 0.05471380190415816
0 0.18518519401550293 0.02735690095207908 0.06481481790542602 0.05471380190415816
0 0.20833334922790528 0.02735690095207908 0.09259259700775146 0.05471380190415816
0 0.4537036895751953 0.02735690095207908 0.10185184478759765 0.05471380190415816
0 0.44907407760620116 0.02735690095207908 0.055555534362792966 0.05471380190415816
0 0.44907407760620116 0.02735690095207908 0.03703703880310059 0.05471380190415816
0 0.4629629611968994 0.0189393934878436 0.027777767181396483 0.0378787869756872
0 0.4537036895751953 0.0189393934878436 0.06481480598449707 0.0378787869756872
0 0.4629629135131836 0.02735690095207908 0.06481480598449707 0.05471380190415816
0 0.49537038803100586 0.02735690095207908 0.09259257316589356 0.05471380190415816
0 0.5231481552124023 0.0189393934878436 0.12962965965270995 0.0378787869756872
0 0.5324073791503906 0.0189393934878436 0.12962965965270995 0.0378787869756872
0 0.5416666507720947 0.02735690095207908 0.12962961196899414 0.05471380190415816
0 0.6388888835906983 0.02735690095207908 0.12037038803100586 0.05471380190415816
0 0.6712963104248046 0.02735690095207908 0.09259257316589356 0.05471380190415816
0 0.736111068725586 0.02735690095207908 0.09259257316589356 0.05471380190415816
0 0.7222222328186035 0.02735690095207908 0.04629626274108887 0.05471380190415816
0 0.7314814567565918 0.02735690095207908 0.046296310424804685 0.05471380190415816
0 0.7592592239379883 0.02735690095207908 0.10185184478759765 0.05471380190415816
0 0.9212963104248046 0.02735690095207908 0.055555534362792966 0.05471380190415816
0 0.9305555343627929 0.02735690095207908 0.037037086486816403 0.05471380190415816
0 0.9351851463317871 0.02735690095207908 0.046296310424804685 0.05471380190415816
0 0.9490740776062012 0.02735690095207908 0.055555534362792966 0.05471380190415816
0 0.9629629135131836 0.02735690095207908 0.046296310424804685 0.05471380190415816
0 0.9768518447875977 0.02735690095207908 0.037037086486816403 0.05471380190415816
0 0.039351850748062134 0.02735690095207908 0.07870370149612427 0.05471380190415816
0 0.04629629552364349 0.02735690095207908 0.08333333134651184 0.05471380190415816
0 0.07407407164573669 0.02735690095207908 0.08333333730697631 0.05471380190415816
0 0.09259259104728698 0.02735690095207908 0.08333333730697631 0.05471380190415816
0 0.11111111640930176 0.02735690095207908 0.08333333730697631 0.05471380190415816
0 0.13888888359069823 0.02735690095207908 0.08333333730697631 0.05471380190415816
0 0.1666666626930237 0.02735690095207908 0.08333332538604736 0.05471380190415816
0 0.18518518209457396 0.02735690095207908 0.08333332538604736 0.05471380190415816
0 0.18518518209457396 0.02735690095207908 0.027777767181396483 0.05471380190415816
0 0.2037036895751953 0.0189393934878436 0.009259259700775147 0.0378787869756872
0 0.2037036895751953 0.0189393934878436 0.027777791023254395 0.0378787869756872
0 0.21296296119689942 0.0189393934878436 0.02777777910232544 0.0378787869756872
0 0.25462961196899414 0.02735690095207908 0.09259259700775146 0.05471380190415816
0 0.27777776718139646 0.02735690095207908 0.08333332538604736 0.05471380190415816
0 0.2962963104248047 0.02735690095207908 0.08333332538604736 0.05471380190415816
0 0.31481480598449707 0.02735690095207908 0.08333332538604736 0.05471380190415816
0 0.3333333253860474 0.02735690095207908 0.08333334922790528 0.05471380190415816
0 0.3657407283782959 0.02735690095207908 0.09259259700775146 0.05471380190415816
0 0.38888888359069823 0.02735690095207908 0.08333332538604736 0.05471380190415816
0 0.37962961196899414 0.02735690095207908 0.04629628658294678 0.05471380190415816
0 0.4074073791503906 0.02735690095207908 0.08333334922790528 0.05471380190415816
0 0.3981481552124023 0.02735690095207908 0.046296310424804685 0.05471380190415816
0 0.3981481552124023 0.02735690095207908 0.027777791023254395 0.05471380190415816
0 0.4212963104248047 0.02735690095207908 0.05555555820465088 0.05471380190415816
0 0.43518519401550293 0.02735690095207908 0.027777767181396483 0.05471380190415816
0 0.44907407760620116 0.02735690095207908 0.018518495559692382 0.05471380190415816
0 0.45833330154418944 0.02735690095207908 0.018518495559692382 0.05471380190415816
0 0.47222223281860354 0.0189393934878436 0.027777814865112306 0.0378787869756872
0 0.4814814567565918 0.0189393934878436 0.027777767181396483 0.0378787869756872
0 0.4907407283782959 0.02735690095207908 0.027777767181396483 0.05471380190415816
0 0.5 0.02735690095207908 0.027777767181396483 0.05471380190415816
0 0.5092592239379883 0.02735690095207908 0.027777814865112306 0.05471380190415816
0 0.5185184955596924 0.0189393934878436 0.027777767181396483 0.0378787869756872
0 0.5277777671813965 0.02735690095207908 0.027777767181396483 0.05471380190415816
0 0.5416666507720947 0.02735690095207908 0.07407407760620117 0.05471380190415816
0 0.5787036895751954 0.02735690095207908 0.09259262084960937 0.05471380190415816
0 0.6018518447875977 0.02735690095207908 0.08333330154418946 0.05471380190415816
0 0.5740740776062012 0.02735690095207908 0.046296310424804685 0.05471380190415816
0 0.6064814567565918 0.02735690095207908 0.05555558204650879 0.05471380190415816
0 0.6203703880310059 0.02735690095207908 0.04629626274108887 0.05471380190415816
0 0.6481481552124023 0.02735690095207908 0.08333334922790528 0.05471380190415816
0 0.6388888835906983 0.02735690095207908 0.027777767181396483 0.05471380190415816
0 0.6481481552124023 0.02735690095207908 0.027777767181396483 0.05471380190415816
0 0.6574073791503906 0.02735690095207908 0.027777767181396483 0.05471380190415816
0 0.6712963104248046 0.02735690095207908 0.03703703880310059 0.05471380190415816
0 0.6805555343627929 0.02735690095207908 0.03703703880310059 0.05471380190415816
0 0.6944444179534912 0.02735690095207908 0.027777767181396483 0.05471380190415816
0 0.7083333015441895 0.02735690095207908 0.018518495559692382 0.05471380190415816
0 0.7222222328186035 0.02735690095207908 0.027777814865112306 0.05471380190415816
0 0.7222222328186035 0.02735690095207908 0.027777814865112306 0.05471380190415816
0 0.7314814567565918 0.02735690095207908 0.027777767181396483 0.05471380190415816
0 0.7407407283782959 0.02735690095207908 0.027777767181396483 0.05471380190415816
0 0.7824073791503906 0.02735690095207908 0.09259257316589356 0.05471380190415816
0 0.7916666030883789 0.02735690095207908 0.09259257316589356 0.05471380190415816
0 0.8564814567565918 0.02735690095207908 0.09259262084960937 0.05471380190415816
0 0.8796296119689941 0.02735690095207908 0.10185184478759765 0.05471380190415816
0 0.9027777671813965 0.02735690095207908 0.11111106872558593 0.05471380190415816
0 0.9120369911193847 0.02735690095207908 0.055555534362792966 0.05471380190415816
0 0.9305555343627929 0.035774409770965576 0.037037086486816403 0.07154881954193115
0 0.9351852416992188 0.02735690095207908 0.027777767181396483 0.05471380190415816
0 0.9444444656372071 0.02735690095207908 0.027777767181396483 0.05471380190415816
0 0.9444444656372071 0.02735690095207908 0.046296310424804685 0.05471380190415816
0 0.9583333015441895 0.035774409770965576 0.055555534362792966 0.07154881954193115
0 0.9675926208496094 0.035774409770965576 0.05555562973022461 0.07154881954193115
0 0.039351850748062134 0.035774409770965576 0.07870370149612427 0.07154881954193115
0 0.0555555522441864 0.035774409770965576 0.08333333134651184 0.07154881954193115
0 0.0555555522441864 0.035774409770965576 0.0277777761220932 0.07154881954193115
0 0.06481481194496155 0.035774409770965576 0.02777777910232544 0.07154881954193115
0 0.07407407164573669 0.035774409770965576 0.02777777910232544 0.07154881954193115
0 0.11574074029922485 0.035774409770965576 0.09259259700775146 0.07154881954193115
0 0.17592592239379884 0.035774409770965576 0.08333333730697631 0.07154881954193115
0 0.18518518209457396 0.035774409770965576 0.08333332538604736 0.07154881954193115
0 0.17592592239379884 0.02735690095207908 0.06481480598449707 0.05471380190415816
0 0.19907407760620116 0.035774409770965576 0.03703703880310059 0.07154881954193115
0 0.23611111640930177 0.035774409770965576 0.09259259700775146 0.07154881954193115
0 0.2870370388031006 0.035774409770965576 0.08333332538604736 0.07154881954193115
0 0.305555534362793 0.035774409770965576 0.08333332538604736 0.07154881954193115
0 0.29629628658294677 0.02735690095207908 0.027777767181396483 0.05471380190415816
0 0.3518518447875977 0.035774409770965576 0.08333334922790528 0.07154881954193115
0 0.3796296358108521 0.035774409770965576 0.08333334922790528 0.07154881954193115
0 0.4120370388031006 0.035774409770965576 0.037037014961242676 0.07154881954193115
0 0.430555534362793 0.035774409770965576 0.055555534362792966 0.07154881954193115
0 0.4675926208496094 0.035774409770965576 0.09259257316589356 0.07154881954193115
0 0.4537036895751953 0.035774409770965576 0.027777767181396483 0.07154881954193115
0 0.4629629611968994 0.035774409770965576 0.027777767181396483 0.07154881954193115
0 0.5046296119689941 0.035774409770965576 0.09259262084960937 0.07154881954193115
0 0.5231481552124023 0.035774409770965576 0.09259257316589356 0.07154881954193115
0 0.5555555343627929 0.035774409770965576 0.08333334922790528 0.07154881954193115
0 0.5416666984558105 0.035774409770965576 0.03703703880310059 0.07154881954193115
0 0.5555555343627929 0.035774409770965576 0.027777767181396483 0.07154881954193115
0 0.5740740776062012 0.035774409770965576 0.027777767181396483 0.07154881954193115
0 0.5833333015441895 0.035774409770965576 0.027777814865112306 0.07154881954193115
0 0.6018518447875977 0.035774409770965576 0.046296310424804685 0.07154881954193115
0 0.6342592239379883 0.035774409770965576 0.09259257316589356 0.07154881954193115
0 0.6203703880310059 0.035774409770965576 0.027777814865112306 0.07154881954193115
0 0.6666666507720947 0.035774409770965576 0.08333330154418946 0.07154881954193115
0 0.6898148059844971 0.035774409770965576 0.09259262084960937 0.07154881954193115
0 0.6712963104248046 0.035774409770965576 0.03703703880310059 0.07154881954193115
0 0.6805555343627929 0.035774409770965576 0.03703703880310059 0.07154881954193115
0 0.6898147583007812 0.035774409770965576 0.03703703880310059 0.07154881954193115
0 0.7268518447875977 0.035774409770965576 0.09259262084960937 0.07154881954193115
0 0.7175926208496094 0.035774409770965576 0.03703703880310059 0.07154881954193115
0 0.7268518447875977 0.035774409770965576 0.03703703880310059 0.07154881954193115
0 0.7638888359069824 0.035774409770965576 0.09259257316589356 0.07154881954193115
0 0.7731481552124023 0.035774409770965576 0.09259262084960937 0.07154881954193115
0 0.8055555343627929 0.035774409770965576 0.08333334922790528 0.07154881954193115
0 0.8240739822387695 0.035774409770965576 0.08333330154418946 0.07154881954193115
0 0.8333333015441895 0.035774409770965576 0.08333334922790528 0.07154881954193115
0 0.8703702926635742 0.035774409770965576 0.08333330154418946 0.07154881954193115
0 0.888888931274414 0.035774409770965576 0.08333330154418946 0.07154881954193115
0 0.9074073791503906 0.035774409770965576 0.08333339691162109 0.07154881954193115
0 0.9212963104248046 0.035774409770965576 0.07407407760620117 0.07154881954193115
0 0.9074073791503906 0.035774409770965576 0.12037038803100586 0.07154881954193115
0 0.9351852416992188 0.035774409770965576 0.08333330154418946 0.07154881954193115
0 0.9212963104248046 0.035774409770965576 0.037036991119384764 0.07154881954193115
0 0.9398147583007812 0.035774409770965576 0.037036991119384764 0.07154881954193115
0 0.9490740776062012 0.035774409770965576 0.037037086486816403 0.07154881954193115
0 0.9675926208496094 0.035774409770965576 0.037036991119384764 0.07154881954193115
0 0.9814815521240234 0.044191918589852074 0.027777767181396483 0.08838383717970415
0 0.039351850748062134 0.04629629308527166 0.07870370149612427 0.0841750827702609
0 0.0138888880610466 0.04629629308527166 0.018518517911434173 0.0841750827702609
0 0.02083333283662796 0.04629629308527166 0.04166666567325592 0.0841750827702609
0 0.037037035822868346 0.044191918589852074 0.027777773141860963 0.08838383717970415
0 0.046296292543411256 0.05471380190415816 0.0277777761220932 0.0673400651324879
0 0.06018518209457398 0.06313131072304466 0.018518519401550294 0.0841750827702609
0 0.06944444179534912 0.05471380190415816 0.018518519401550294 0.0673400651324879
0 0.07870370149612427 0.05471380190415816 0.018518519401550294 0.0673400651324879
0 0.09259259104728698 0.0378787869756872 0.02777777910232544 0.03367002985694192
0 0.10185184478759765 0.029461278156800705 0.02777777910232544 0.05050504749471491
0 0.11111111640930176 0.0378787869756872 0.02777777910232544 0.03367002985694192
0 0.125 0.0378787869756872 0.018518519401550294 0.03367002985694192
0 0.1666666626930237 0.0378787869756872 0.08333332538604736 0.03367002985694192
0 0.18055555820465088 0.0378787869756872 0.07407407760620117 0.03367002985694192
0 0.19907407760620116 0.04629629308527166 0.07407407760620117 0.05050504749471491
0 0.2037036895751953 0.05471380190415816 0.08333332538604736 0.0673400651324879
0 0.18981480598449707 0.029461278156800705 0.018518507480621338 0.05050504749471491
0 0.19907407760620116 0.15361952781677246 0.03703703880310059 0.3072390556335449
0 0.2037036895751953 0.07786195386539806 0.04629628658294678 0.1557239077307961
0 0.21296296119689942 0.029461278156800705 0.02777777910232544 0.05050504749471491
0 0.2222222328186035 0.0378787869756872 0.027777791023254395 0.03367002985694192
0 0.23611111640930177 0.06313131072304466 0.018518519401550294 0.0841750827702609
0 0.25 0.05471380190415816 0.027777767181396483 0.0673400651324879
0 0.25462961196899414 0.05471380190415816 0.018518519401550294 0.0673400651324879
0 0.2731481552124023 0.044191918589852074 0.018518519401550294 0.08838383717970415
0 0.28240740299224854 0.04629629308527166 0.018518495559692382 0.0841750827702609
0 0.2870370388031006 0.04629629308527166 0.027777767181396483 0.0841750827702609
0 0.29629628658294677 0.0378787869756872 0.027777767181396483 0.0673400651324879
0 0.305555534362793 0.04629629308527166 0.027777791023254395 0.0841750827702609
0 0.305555534362793 0.035774409770965576 0.04629628658294678 0.07154881954193115
0 0.34259257316589353 0.044191918589852074 0.10185186862945557 0.08838383717970415
0 0.3657407283782959 0.04629629308527166 0.09259259700775146 0.0841750827702609
0 0.36111111640930177 0.02735690095207908 0.027777791023254395 0.05471380190415816
0 0.3657407283782959 0.02735690095207908 0.018518519401550294 0.05471380190415816
0 0.375 0.02735690095207908 0.018518519401550294 0.05471380190415816
0 0.3842592716217041 0.02735690095207908 0.018518519401550294 0.05471380190415816
0 0.4120370388031006 0.02735690095207908 0.018518543243408202 0.05471380190415816
0 0.42592592239379884 0.044191918589852074 0.027777767181396483 0.08838383717970415
0 0.43981480598449707 0.044191918589852074 0.055555534362792966 0.08838383717970415
0 0.4629629611968994 0.044191918589852074 0.046296310424804685 0.08838383717970415
0 0.47222223281860354 0.035774409770965576 0.027777814865112306 0.07154881954193115
0 0.5138888359069824 0.044191918589852074 0.11111111640930176 0.08838383717970415
0 0.5370369911193847 0.044191918589852074 0.08333334922790528 0.08838383717970415
0 0.5648148059844971 0.04629629308527166 0.08333330154418946 0.0841750827702609
0 0.5601851463317871 0.04629629308527166 0.018518495559692382 0.0841750827702609
0 0.5555555343627929 0.04629629308527166 0.027777767181396483 0.0841750827702609
0 0.5694444656372071 0.05471380190415816 0.03703703880310059 0.10101010582663796
0 0.5787036895751954 0.05471380190415816 0.03703703880310059 0.10101010582663796
0 0.6018518447875977 0.044191918589852074 0.0648148536682129 0.08838383717970415
0 0.6203703880310059 0.05471380190415816 0.027777814865112306 0.10101010582663796
0 0.6296296119689941 0.05260942740873857 0.027777767181396483 0.10521885481747714
0 0.6435185432434082 0.15361952781677246 0.03703703880310059 0.3072390556335449
0 0.6527777671813965 0.15361952781677246 0.037036991119384764 0.3072390556335449
0 0.6574073791503906 0.035774409770965576 0.027777767181396483 0.07154881954193115
0 0.6666666507720947 0.0378787869756872 0.027777767181396483 0.03367002985694192
0 0.6712963104248046 0.02735690095207908 0.018518495559692382 0.05471380190415816
0 0.6805555343627929 0.035774409770965576 0.018518543243408202 0.07154881954193115
0 0.6944444179534912 0.044191918589852074 0.027777767181396483 0.08838383717970415
0 0.7037036895751954 0.044191918589852074 0.027777767181396483 0.08838383717970415
0 0.7175926208496094 0.05471380190415816 0.03703703880310059 0.0673400651324879
0 0.7268518447875977 0.035774409770965576 0.03703703880310059 0.07154881954193115
0 0.736111068725586 0.15361952781677246 0.03703703880310059 0.3072390556335449
0 0.7685184955596924 0.15361952781677246 0.08333330154418946 0.3072390556335449
0 0.7777777671813965 0.05471380190415816 0.08333334922790528 0.0673400651324879
0 0.7824073791503906 0.044191918589852074 0.09259257316589356 0.08838383717970415
0 0.8009259223937988 0.044191918589852074 0.11111111640930176 0.08838383717970415
0 0.8194444656372071 0.044191918589852074 0.09259252548217774 0.08838383717970415
0 0.8333333015441895 0.044191918589852074 0.08333334922790528 0.08838383717970415
0 0.8425926208496094 0.04629629308527166 0.08333330154418946 0.0841750827702609
0 0.861111068725586 0.04629629308527166 0.08333330154418946 0.0841750827702609
0 0.8796296119689941 0.04629629308527166 0.08333339691162109 0.0841750827702609
0 0.8703702926635742 0.05471380190415816 0.027777767181396483 0.0673400651324879
0 0.8796296119689941 0.05471380190415816 0.027777862548828126 0.0673400651324879
0 0.9259259223937988 0.044191918589852074 0.08333339691162109 0.08838383717970415
0 0.9120370864868164 0.06102693622762507 0.11111116409301758 0.12205387245525014
0 0.9212963104248046 0.04629629308527166 0.11111116409301758 0.0841750827702609
0 0.9074073791503906 0.07996632836081764 0.06481475830078125 0.11784512346441095
0 0.9259259223937988 0.06944444504651157 0.06481475830078125 0.13888889009302313
0 0.9398147583007812 0.06944444504651157 0.05555562973022461 0.13888889009302313
0 0.9490740776062012 0.06944444504651157 0.037037086486816403 0.13888889009302313
0 0.9629629135131836 0.07786195386539806 0.046296310424804685 0.1557239077307961
0 0.9722222328186035 0.05260942740873857 0.046296310424804685 0.10521885481747714
0 0.9791666030883789 0.06944444504651157 0.041666698455810544 0.13888889009302313
0 0.04398148059844971 0.06313131072304466 0.08796296119689942 0.0841750827702609
0 0.04861111044883728 0.16203703663565897 0.09722222089767456 0.32407407327131793
0 0.053240740299224855 0.05471380190415816 0.10648148059844971 0.0673400651324879
0 0.025462961196899413 0.06313131072304466 0.050925922393798825 0.0841750827702609
0 0.0555555522441864 0.07996632836081764 0.009259259700775147 0.11784512346441095
0 0.0555555522441864 0.05471380190415816 0.04629629552364349 0.10101010582663796
0 0.07870370149612427 0.07154881954193115 0.018518519401550294 0.10101010582663796
0 0.08796296119689942 0.07996632836081764 0.018518519401550294 0.11784512346441095
0 0.09722222089767456 0.07154881954193115 0.018518519401550294 0.10101010582663796
0 0.10648148059844971 0.07996632836081764 0.018518519401550294 0.08417508818886497
0 0.12037036418914795 0.07996632836081764 0.009259259700775147 0.08417508818886497
0 0.10648148059844971 0.07154881954193115 0.05555555820465088 0.06734007055109198
0 0.11111111640930176 0.07154881954193115 0.21296296119689942 0.06734007055109198
0 0.14814814329147338 0.07154881954193115 0.15740740299224854 0.06734007055109198
0 0.15740740299224854 0.07996632836081764 0.1574074149131775 0.05050505291331898
0 0.15740740299224854 0.09680134599859064 0.06481480598449707 0.08417508818886497
0 0.18981480598449707 0.06102693622762507 0.018518507480621338 0.12205387245525014
0 0.18518518209457396 0.16203703663565897 0.009259247779846191 0.32407407327131793
0 0.1296296238899231 0.16203703663565897 0.13888888359069823 0.32407407327131793
0 0.17592592239379884 0.16203703663565897 0.21296296119689942 0.32407407327131793
0 0.22685184478759765 0.16203703663565897 0.03703703880310059 0.32407407327131793
0 0.2314814805984497 0.06313131072304466 0.009259271621704101 0.0841750827702609
0 0.24537038803100586 0.06313131072304466 0.018518519401550294 0.0841750827702609
0 0.23611111640930177 0.05471380190415816 0.05555555820465088 0.10101010582663796
0 0.2731481552124023 0.06313131072304466 0.12962963581085205 0.0841750827702609
0 0.2962963104248047 0.07996632836081764 0.12037036418914795 0.08417508818886497
0 0.31018519401550293 0.07996632836081764 0.12962963581085205 0.11784512346441095
0 0.33333334922790525 0.07996632836081764 0.12037036418914795 0.11784512346441095
0 0.36111111640930177 0.06313131072304466 0.08333332538604736 0.0841750827702609
0 0.3703703641891479 0.07154881954193115 0.08333334922790528 0.06734007055109198
0 0.3796296358108521 0.06313131072304466 0.08333334922790528 0.0841750827702609
0 0.38888888359069823 0.05471380190415816 0.08333332538604736 0.10101010582663796
0 0.3657407283782959 0.07786195386539806 0.14814815521240235 0.1557239077307961
0 0.36111111640930177 0.07996632836081764 0.06481482982635497 0.08417508818886497
0 0.39814813137054444 0.09680134599859064 0.12037034034729004 0.11784512346441095
0 0.40277776718139646 0.07154881954193115 0.12962961196899414 0.06734007055109198
0 0.41666665077209475 0.05260942740873857 0.12037036418914795 0.10521885481747714
0 0.4537036895751953 0.05471380190415816 0.08333330154418946 0.10101010582663796
0 0.4629629611968994 0.05260942740873857 0.08333330154418946 0.10521885481747714
0 0.4074073791503906 0.16203703663565897 0.21296296119689942 0.32407407327131793
0 0.4814814567565918 0.05260942740873857 0.08333334922790528 0.10521885481747714
0 0.5 0.08838383717970415 0.08333334922790528 0.10101010582663796
0 0.5092592239379883 0.07154881954193115 0.08333334922790528 0.06734007055109198
0 0.5 0.07154881954193115 0.12037038803100586 0.06734007055109198
0 0.5092592239379883 0.06313131072304466 0.12037034034729004 0.0841750827702609
