0 0.04398148059844971 0.0189393934878436 0.08796296119689942 0.0378787869756872
0 0.03240740597248078 0.0189393934878436 0.018518517911434173 0.0378787869756872
0 0.046296292543411256 0.02735690095207908 0.0277777761220932 0.05471380190415816
0 0.050925922393798825 0.02735690095207908 0.018518516421318056 0.05471380190415816
0 0.0555555522441864 0.02735690095207908 0.0277777761220932 0.05471380190415816
0 0.07407407164573669 0.02735690095207908 0.02777777910232544 0.05471380190415816
0 0.08333333134651184 0.02735690095207908 0.02777777910232544 0.05471380190415816
0 0.08796296119689942 0.0189393934878436 0.018518519401550294 0.0378787869756872
0 0.09259259104728698 0.0189393934878436 0.02777777910232544 0.0378787869756872
0 0.13888888359069823 0.0189393934878436 0.10185184478759765 0.0378787869756872
0 0.11574074029922485 0.0189393934878436 0.05555555820465088 0.0378787869756872
0 0.1435185194015503 0.02735690095207908 0.018518519401550294 0.05471380190415816
0 0.14814815521240235 0.02735690095207908 0.02777777910232544 0.05471380190415816
0 0.18055555820465088 0.02735690095207908 0.03703702688217163 0.05471380190415816
0 0.19444444179534912 0.02735690095207908 0.04629629850387573 0.05471380190415816
0 0.2870370388031006 0.0189393934878436 0.12037036418914795 0.0378787869756872
0 0.31944444179534914 0.0189393934878436 0.09259257316589356 0.0378787869756872
0 0.3518518447875977 0.0189393934878436 0.12037038803100586 0.0378787869756872
0 0.375 0.0189393934878436 0.11111109256744385 0.0378787869756872
0 0.38888888359069823 0.0189393934878436 0.12037038803100586 0.0378787869756872
0 0.43981480598449707 0.010521885346282612 0.09259259700775146 0.021043770692565224
0 0.4629629611968994 0.0189393934878436 0.12037038803100586 0.0378787869756872
0 0.4907407283782959 0.0189393934878436 0.12037038803100586 0.0378787869756872
0 0.7314814567565918 0.0189393934878436 0.06481480598449707 0.0378787869756872
0 0.7638888835906983 0.02735690095207908 0.07407407760620117 0.05471380190415816
0 0.7777777671813965 0.0189393934878436 0.027777767181396483 0.0378787869756872
0 0.7777777671813965 0.02735690095207908 0.046296310424804685 0.05471380190415816
0 0.8009259223937988 0.0189393934878436 0.018518495559692382 0.0378787869756872
0 0.8055555343627929 0.0189393934878436 0.027777814865112306 0.0378787869756872
0 0.8148147583007812 0.0189393934878436 0.027777767181396483 0.0378787869756872
0 0.8240739822387695 0.0189393934878436 0.027777767181396483 0.0378787869756872
0 0.8333333969116211 0.0189393934878436 0.027777767181396483 0.0378787869756872
0 0.875 0.0189393934878436 0.11111106872558593 0.0378787869756872
0 0.861111068725586 0.010521885346282612 0.08333330154418946 0.021043770692565224
0 0.8518518447875977 0.0189393934878436 0.046296310424804685 0.0378787869756872
0 0.8981481552124023 0.010521885346282612 0.046296310424804685 0.021043770692565224
0 0.9560184478759766 0.0189393934878436 0.08796300888061523 0.0378787869756872
0 0.9583333969116211 0.0189393934878436 0.07407407760620117 0.0378787869756872
0 0.9791666030883789 0.0189393934878436 0.041666698455810544 0.0378787869756872
0 0.9791666030883789 0.0189393934878436 0.041666698455810544 0.0378787869756872
0 0.9745370864868164 0.02735690095207908 0.050925922393798825 0.05471380190415816
0 0.039351850748062134 0.010521885346282612 0.07870370149612427 0.021043770692565224
0 0.04398148059844971 0.02735690095207908 0.08796296119689942 0.05471380190415816
0 0.03240740597248078 0.010521885346282612 0.018518517911434173 0.021043770692565224
0 0.04166666269302368 0.02735690095207908 0.018518516421318056 0.05471380190415816
0 0.046296292543411256 0.010521885346282612 0.0277777761220932 0.021043770692565224
0 0.06944444179534912 0.02735690095207908 0.018518519401550294 0.05471380190415816
0 0.07870370149612427 0.02735690095207908 0.018518519401550294 0.05471380190415816
0 0.12962963581085205 0.02735690095207908 0.02777777910232544 0.05471380190415816
0 0.13888888359069823 0.02735690095207908 0.02777777910232544 0.05471380190415816
0 0.14814815521240235 0.0189393934878436 0.02777777910232544 0.0378787869756872
0 0.15277777910232543 0.02735690095207908 0.03703703880310059 0.05471380190415816
0 0.17592592239379884 0.0189393934878436 0.027777767181396483 0.0378787869756872
0 0.18518518209457396 0.0189393934878436 0.027777767181396483 0.0378787869756872
0 0.19907407760620116 0.0189393934878436 0.03703703880310059 0.0378787869756872
0 0.22685184478759765 0.0189393934878436 0.05555557012557984 0.0378787869756872
0 0.25462961196899414 0.0189393934878436 0.09259259700775146 0.0378787869756872
0 0.2731481552124023 0.02735690095207908 0.09259259700775146 0.05471380190415816
0 0.2870370388031006 0.0189393934878436 0.08333332538604736 0.0378787869756872
0 0.2962963104248047 0.010521885346282612 0.08333332538604736 0.021043770692565224
0 0.3333333253860474 0.010521885346282612 0.08333334922790528 0.021043770692565224
0 0.3518518447875977 0.010521885346282612 0.08333334922790528 0.021043770692565224
0 0.3703703641891479 0.010521885346282612 0.08333334922790528 0.021043770692565224
0 0.3703703641891479 0.010521885346282612 0.027777767181396483 0.021043770692565224
0 0.37962961196899414 0.010521885346282612 0.027777791023254395 0.021043770692565224
0 0.3935185194015503 0.010521885346282612 0.05555558204650879 0.021043770692565224
0 0.3981481552124023 0.010521885346282612 0.027777791023254395 0.021043770692565224
0 0.40740742683410647 0.010521885346282612 0.027777791023254395 0.021043770692565224
0 0.4629629611968994 0.010521885346282612 0.08333330154418946 0.021043770692565224
0 0.4814814567565918 0.010521885346282612 0.08333334922790528 0.021043770692565224
0 0.5 0.0189393934878436 0.08333334922790528 0.0378787869756872
0 0.5185185432434082 0.010521885346282612 0.08333334922790528 0.021043770692565224
0 0.5231481552124023 0.0189393934878436 0.09259257316589356 0.0378787869756872
0 0.5462963104248046 0.0189393934878436 0.08333334922790528 0.0378787869756872
0 0.5509259223937988 0.010521885346282612 0.09259262084960937 0.021043770692565224
0 0.5694444656372071 0.010521885346282612 0.09259257316589356 0.021043770692565224
0 0.5879629611968994 0.010521885346282612 0.09259262084960937 0.021043770692565224
0 0.6064814567565918 0.010521885346282612 0.09259257316589356 0.021043770692565224
0 0.6296296119689941 0.010521885346282612 0.08333330154418946 0.021043770692565224
0 0.6481481552124023 0.010521885346282612 0.08333334922790528 0.021043770692565224
0 0.6666666507720947 0.0189393934878436 0.08333330154418946 0.0378787869756872
0 0.6851851463317871 0.0189393934878436 0.08333334922790528 0.0378787869756872
0 0.7037036895751954 0.0189393934878436 0.08333330154418946 0.0378787869756872
0 0.7222222328186035 0.0189393934878436 0.10185189247131347 0.0378787869756872
0 0.7268518447875977 0.02735690095207908 0.09259262084960937 0.05471380190415816
0 0.7453703880310059 0.0189393934878436 0.09259257316589356 0.0378787869756872
0 0.7453703880310059 0.010521885346282612 0.11111111640930176 0.021043770692565224
0 0.7407407283782959 0.010521885346282612 0.027777767181396483 0.021043770692565224
0 0.75 0.010521885346282612 0.027777767181396483 0.021043770692565224
0 0.7592592239379883 0.0189393934878436 0.027777814865112306 0.0378787869756872
0 0.7685184955596924 0.02735690095207908 0.027777767181396483 0.05471380190415816
0 0.7824073791503906 0.0189393934878436 0.018518495559692382 0.0378787869756872
0 0.7870370388031006 0.0189393934878436 0.027777767181396483 0.0378787869756872
0 0.8009259223937988 0.0189393934878436 0.018518495559692382 0.0378787869756872
0 0.8101852416992188 0.0189393934878436 0.018518543243408202 0.0378787869756872
0 0.8148147583007812 0.0189393934878436 0.027777767181396483 0.0378787869756872
0 0.8240739822387695 0.0189393934878436 0.027777767181396483 0.0378787869756872
0 0.8333333969116211 0.02735690095207908 0.027777767181396483 0.05471380190415816
0 0.8425926208496094 0.010521885346282612 0.0648148536682129 0.021043770692565224
0 0.8564814567565918 0.010521885346282612 0.055555534362792966 0.021043770692565224
0 0.8842592239379883 0.010521885346282612 0.018518543243408202 0.021043770692565224
0 0.888888931274414 0.010521885346282612 0.027777767181396483 0.021043770692565224
0 0.9259258270263672 0.010521885346282612 0.12037038803100586 0.021043770692565224
0 0.9537036895751954 0.010521885346282612 0.08333339691162109 0.021043770692565224
0 0.9490740776062012 0.010521885346282612 0.055555534362792966 0.021043770692565224
0 0.9699073791503906 0.010521885346282612 0.06018524169921875 0.021043770692565224
0 0.9837963104248046 0.0189393934878436 0.032407379150390624 0.0378787869756872
0 0.9629629135131836 0.02735690095207908 0.0648148536682129 0.05471380190415816
0 0.018518517911434173 0.02735690095207908 0.0277777761220932 0.05471380190415816
0 0.0277777761220932 0.02735690095207908 0.02777777910232544 0.05471380190415816
0 0.050925922393798825 0.06102693622762507 0.037037035822868346 0.12205387245525014
0 0.050925922393798825 0.035774409770965576 0.037037035822868346 0.07154881954193115
0 0.06018518209457398 0.035774409770965576 0.037037035822868346 0.07154881954193115
0 0.07407407164573669 0.02735690095207908 0.04629629850387573 0.05471380190415816
0 0.125 0.035774409770965576 0.11111111640930176 0.07154881954193115
0 0.14814814329147338 0.035774409770965576 0.12037036418914795 0.07154881954193115
0 0.15740740299224854 0.02735690095207908 0.02777777910232544 0.05471380190415816
0 0.17129628658294677 0.02735690095207908 0.03703702688217163 0.05471380190415816
0 0.19907407760620116 0.06944444504651157 0.03703703880310059 0.13888889009302313
0 0.2037036895751953 0.06102693622762507 0.027777791023254395 0.12205387245525014
0 0.2407407283782959 0.06102693622762507 0.12037036418914795 0.12205387245525014
0 0.2592592477798462 0.02735690095207908 0.13888888359069823 0.05471380190415816
0 0.27777776718139646 0.0189393934878436 0.10185184478759765 0.0378787869756872
0 0.25 0.0189393934878436 0.046296310424804685 0.0378787869756872
0 0.26388888359069823 0.029461278156800705 0.03703703880310059 0.05050504749471491
0 0.28240740299224854 0.02735690095207908 0.018518495559692382 0.05471380190415816
0 0.29166665077209475 0.02735690095207908 0.018518519401550294 0.05471380190415816
0 0.3287036895751953 0.035774409770965576 0.09259259700775146 0.07154881954193115
0 0.34722223281860354 0.02735690095207908 0.09259259700775146 0.05471380190415816
0 0.3564814567565918 0.02735690095207908 0.09259259700775146 0.05471380190415816
0 0.3333333253860474 0.02735690095207908 0.009259271621704101 0.05471380190415816
0 0.34259257316589353 0.02735690095207908 0.009259247779846191 0.05471380190415816
0 0.3518518447875977 0.02735690095207908 0.009259271621704101 0.05471380190415816
0 0.3657407283782959 0.02735690095207908 0.018518519401550294 0.05471380190415816
0 0.375 0.02735690095207908 0.018518519401550294 0.05471380190415816
0 0.3703703641891479 0.02735690095207908 0.046296310424804685 0.05471380190415816
0 0.41203699111938474 0.02735690095207908 0.09259257316589356 0.05471380190415816
0 0.3935185194015503 0.02735690095207908 0.03703703880310059 0.05471380190415816
0 0.43981480598449707 0.02735690095207908 0.09259259700775146 0.05471380190415816
0 0.45833330154418944 0.035774409770965576 0.11111111640930176 0.07154881954193115
0 0.430555534362793 0.02735690095207908 0.018518495559692382 0.05471380190415816
0 0.43981480598449707 0.02735690095207908 0.018518543243408202 0.05471380190415816
0 0.44907407760620116 0.02735690095207908 0.03703703880310059 0.05471380190415816
0 0.45833330154418944 0.02735690095207908 0.03703703880310059 0.05471380190415816
0 0.4675926208496094 0.02735690095207908 0.03703703880310059 0.05471380190415816
0 0.4768518447875977 0.02735690095207908 0.03703703880310059 0.05471380190415816
0 0.4907407283782959 0.0189393934878436 0.027777767181396483 0.0378787869756872
0 0.49537038803100586 0.02735690095207908 0.03703703880310059 0.05471380190415816
0 0.5046296119689941 0.0189393934878436 0.03703703880310059 0.0378787869756872
0 0.5092592239379883 0.02735690095207908 0.027777814865112306 0.05471380190415816
0 0.5509259223937988 0.0189393934878436 0.09259262084960937 0.0378787869756872
0 0.5324073791503906 0.0189393934878436 0.03703703880310059 0.0378787869756872
0 0.5416666984558105 0.0189393934878436 0.03703703880310059 0.0378787869756872
0 0.5509259223937988 0.02735690095207908 0.03703703880310059 0.05471380190415816
0 0.5648148059844971 0.02735690095207908 0.027777767181396483 0.05471380190415816
0 0.5740740776062012 0.02735690095207908 0.027777767181396483 0.05471380190415816
0 0.5879629135131836 0.02735690095207908 0.03703703880310059 0.05471380190415816
0 0.5972222328186035 0.02735690095207908 0.03703703880310059 0.05471380190415816
0 0.6064814567565918 0.02735690095207908 0.03703703880310059 0.05471380190415816
0 0.6157407760620117 0.02735690095207908 0.03703703880310059 0.05471380190415816
0 0.6296296119689941 0.02735690095207908 0.027777767181396483 0.05471380190415816
0 0.6388888835906983 0.02735690095207908 0.027777767181396483 0.05471380190415816
0 0.6435185432434082 0.02735690095207908 0.03703703880310059 0.05471380190415816
0 0.6944444179534912 0.02735690095207908 0.10185184478759765 0.05471380190415816
0 0.7129629611968994 0.035774409770965576 0.10185184478759765 0.07154881954193115
0 0.7083333015441895 0.0189393934878436 0.05555558204650879 0.0378787869756872
0 0.7083333015441895 0.02735690095207908 0.03703703880310059 0.05471380190415816
0 0.7175926208496094 0.0189393934878436 0.03703703880310059 0.0378787869756872
0 0.7268518447875977 0.02735690095207908 0.03703703880310059 0.05471380190415816
0 0.736111068725586 0.02735690095207908 0.03703703880310059 0.05471380190415816
0 0.7453703880310059 0.02735690095207908 0.018518495559692382 0.05471380190415816
0 0.75 0.02735690095207908 0.027777767181396483 0.05471380190415816
0 0.7592592239379883 0.02735690095207908 0.027777814865112306 0.05471380190415816
0 0.7638888835906983 0.035774409770965576 0.055555534362792966 0.07154881954193115
0 0.7777777671813965 0.035774409770965576 0.046296310424804685 0.07154881954193115
0 0.7870370388031006 0.035774409770965576 0.027777767181396483 0.07154881954193115
0 0.7962962627410889 0.02735690095207908 0.027777767181396483 0.05471380190415816
0 0.8055555343627929 0.02735690095207908 0.046296310424804685 0.05471380190415816
0 0.8148147583007812 0.02735690095207908 0.04629626274108887 0.05471380190415816
0 0.8240740776062012 0.02735690095207908 0.046296310424804685 0.05471380190415816
0 0.8333333015441895 0.02735690095207908 0.046296310424804685 0.05471380190415816
0 0.8425926208496094 0.02735690095207908 0.027777767181396483 0.05471380190415816
0 0.8472222328186035 0.02735690095207908 0.055555534362792966 0.05471380190415816
0 0.861111068725586 0.02735690095207908 0.0648148536682129 0.05471380190415816
0 0.888888931274414 0.02735690095207908 0.027777767181396483 0.05471380190415816
0 0.9027777671813965 0.02735690095207908 0.037037086486816403 0.05471380190415816
0 0.9259258270263672 0.02735690095207908 0.027777767181396483 0.05471380190415816
0 0.9351852416992188 0.02735690095207908 0.027777767181396483 0.05471380190415816
0 0.9583333969116211 0.02735690095207908 0.018518543243408202 0.05471380190415816
0 0.9444444656372071 0.02735690095207908 0.0648148536682129 0.05471380190415816
0 0.9791666030883789 0.02735690095207908 0.041666698455810544 0.05471380190415816
0 0.9907407760620117 0.02735690095207908 0.009259319305419922 0.05471380190415816
0 0.01620370298624039 0.05471380190415816 0.03240740597248078 0.0673400651324879
0 0.01620370298624039 0.04629629308527166 0.03240740597248078 0.0841750827702609
0 0.025462961196899413 0.05260942740873857 0.050925922393798825 0.10521885481747714
0 0.06481481194496155 0.15361952781677246 0.10185185670852662 0.3072390556335449
0 0.050925922393798825 0.15361952781677246 0.0555555522441864 0.3072390556335449
0 0.09722222089767456 0.15361952781677246 0.11111111640930176 0.3072390556335449
0 0.125 0.044191918589852074 0.11111111640930176 0.08838383717970415
0 0.13888888359069823 0.06313131072304466 0.12037036418914795 0.0841750827702609
0 0.1527777671813965 0.05471380190415816 0.1111111044883728 0.0673400651324879
0 0.17129628658294677 0.06313131072304466 0.1111111044883728 0.0841750827702609
0 0.17129628658294677 0.05260942740873857 0.055555546283721925 0.10521885481747714
0 0.18518518209457396 0.15361952781677246 0.04629628658294678 0.3072390556335449
0 0.19444444179534912 0.15361952781677246 0.04629629850387573 0.3072390556335449
0 0.2037036895751953 0.15361952781677246 0.04629628658294678 0.3072390556335449
0 0.20833332538604737 0.05260942740873857 0.03703703880310059 0.10521885481747714
0 0.21759257316589356 0.05260942740873857 0.05555555820465088 0.10521885481747714
0 0.2222222089767456 0.06313131072304466 0.04629629850387573 0.0841750827702609
0 0.2314814805984497 0.07154881954193115 0.046296310424804685 0.06734007055109198
0 0.2407407283782959 0.06313131072304466 0.04629628658294678 0.0841750827702609
0 0.25 0.05260942740873857 0.046296310424804685 0.10521885481747714
0 0.2592592716217041 0.06313131072304466 0.04629628658294678 0.0841750827702609
0 0.26388888359069823 0.05471380190415816 0.055555534362792966 0.10101010582663796
0 0.31018519401550293 0.05260942740873857 0.11111109256744385 0.10521885481747714
0 0.31944444179534914 0.15361952781677246 0.11111111640930176 0.3072390556335449
0 0.30092592239379884 0.044191918589852074 0.055555534362792966 0.08838383717970415
0 0.305555534362793 0.05471380190415816 0.04629628658294678 0.0673400651324879
0 0.32407407760620116 0.05471380190415816 0.06481482982635497 0.0673400651324879
0 0.3287036895751953 0.05471380190415816 0.03703703880310059 0.0673400651324879
0 0.3379629611968994 0.05471380190415816 0.03703703880310059 0.0673400651324879
0 0.3472222089767456 0.05471380190415816 0.03703703880310059 0.0673400651324879
0 0.36111111640930177 0.15361952781677246 0.04629628658294678 0.3072390556335449
0 0.3703703641891479 0.15361952781677246 0.046296310424804685 0.3072390556335449
0 0.3842592477798462 0.035774409770965576 0.03703703880310059 0.07154881954193115
0 0.430555534362793 0.15361952781677246 0.09259259700775146 0.3072390556335449
0 0.41666665077209475 0.15361952781677246 0.04629628658294678 0.3072390556335449
0 0.4212963104248047 0.0378787869756872 0.03703703880310059 0.03367002985694192
0 0.43518519401550293 0.0378787869756872 0.027777767181396483 0.03367002985694192
0 0.4444444179534912 0.04629629308527166 0.027777767181396483 0.05050504749471491
0 0.4537036895751953 0.0378787869756872 0.027777767181396483 0.03367002985694192
0 0.4629629611968994 0.04629629308527166 0.027777767181396483 0.05050504749471491
0 0.47222223281860354 0.04629629308527166 0.04629626274108887 0.05050504749471491
0 0.48611111640930177 0.15361952781677246 0.07407407760620117 0.3072390556335449
0 0.4907407283782959 0.035774409770965576 0.0648148536682129 0.07154881954193115
0 0.49537038803100586 0.04629629308527166 0.03703703880310059 0.05050504749471491
0 0.5092592239379883 0.0378787869756872 0.027777814865112306 0.03367002985694192
0 0.5185184955596924 0.0378787869756872 0.046296310424804685 0.03367002985694192
0 0.5324073791503906 0.0378787869756872 0.03703703880310059 0.03367002985694192
0 0.5555555343627929 0.0378787869756872 0.046296310424804685 0.03367002985694192
0 0.5740740776062012 0.0378787869756872 0.027777767181396483 0.03367002985694192
0 0.5879629611968994 0.0378787869756872 0.018518543243408202 0.03367002985694192
0 0.5925925731658935 0.0378787869756872 0.027777767181396483 0.03367002985694192
0 0.6018518447875977 0.0378787869756872 0.027777767181396483 0.03367002985694192
0 0.6111111164093017 0.0378787869756872 0.027777767181396483 0.03367002985694192
0 0.6064814567565918 0.04629629308527166 0.05555558204650879 0.05050504749471491
0 0.6388888359069824 0.035774409770965576 0.06481480598449707 0.07154881954193115
0 0.6666666507720947 0.04629629308527166 0.10185184478759765 0.05050504749471491
0 0.6944444656372071 0.04629629308527166 0.12037034034729004 0.05050504749471491
0 0.6990740776062012 0.035774409770965576 0.11111111640930176 0.07154881954193115
0 0.7268518447875977 0.035774409770965576 0.09259262084960937 0.07154881954193115
0 0.7268518447875977 0.0378787869756872 0.09259262084960937 0.03367002985694192
0 0.7129629611968994 0.04629629308527166 0.027777767181396483 0.05050504749471491
0 0.7222222328186035 0.0378787869756872 0.027777814865112306 0.03367002985694192
0 0.7268518447875977 0.029461278156800705 0.03703703880310059 0.05050504749471491
0 0.7222222328186035 0.0378787869756872 0.04629626274108887 0.03367002985694192
0 0.7268518447875977 0.02735690095207908 0.055555534362792966 0.05471380190415816
0 0.7546296119689941 0.15361952781677246 0.055555534362792966 0.3072390556335449
0 0.7731481552124023 0.15361952781677246 0.03703703880310059 0.3072390556335449
0 0.7824073791503906 0.15361952781677246 0.03703703880310059 0.3072390556335449
0 0.7962963104248046 0.15361952781677246 0.046296310424804685 0.3072390556335449
0 0.8333333015441895 0.15361952781677246 0.10185184478759765 0.3072390556335449
0 0.8287036895751954 0.15361952781677246 0.037037086486816403 0.3072390556335449
0 0.8379629135131836 0.15361952781677246 0.037036991119384764 0.3072390556335449
0 0.8425926208496094 0.035774409770965576 0.027777767181396483 0.07154881954193115
0 0.8472221374511719 0.029461278156800705 0.037036991119384764 0.05050504749471491
0 0.861111068725586 0.029461278156800705 0.027777767181396483 0.05050504749471491
0 0.8657407760620117 0.0378787869756872 0.037036991119384764 0.03367002985694192
0 0.8657407760620117 0.035774409770965576 0.05555562973022461 0.07154881954193115
0 0.8842592239379883 0.15361952781677246 0.037037086486816403 0.3072390556335449
0 0.8935184478759766 0.035774409770965576 0.037036991119384764 0.07154881954193115
0 0.9027777671813965 0.02735690095207908 0.037037086486816403 0.05471380190415816
0 0.9074073791503906 0.0378787869756872 0.027777767181396483 0.03367002985694192
0 0.9166666030883789 0.0378787869756872 0.027777767181396483 0.03367002985694192
0 0.9305555343627929 0.02735690095207908 0.037037086486816403 0.05471380190415816
0 0.9398147583007812 0.0378787869756872 0.037036991119384764 0.03367002985694192
0 0.9652777671813965 0.0378787869756872 0.06944446563720703 0.03367002985694192
0 0.9699073791503906 0.15361952781677246 0.06018524169921875 0.3072390556335449
0 0.9791666030883789 0.05471380190415816 0.041666698455810544 0.0673400651324879
0 0.9745370864868164 0.07154881954193115 0.050925922393798825 0.13468014110218396
0 0.04398148059844971 0.07154881954193115 0.08796296119689942 0.06734007055109198
0 0.053240740299224855 0.07154881954193115 0.10648148059844971 0.10101010582663796
0 0.03009259104728699 0.07996632836081764 0.06018518209457398 0.08417508818886497
