0 0.07870370149612427 0.0189393934878436 0.09259259700775146 0.0378787869756872
0 0.09722222089767456 0.0189393934878436 0.09259259700775146 0.0378787869756872
0 0.12037036418914795 0.0189393934878436 0.12037037611007691 0.0378787869756872
0 0.11111111640930176 0.0189393934878436 0.21296296119689942 0.0378787869756872
0 0.13888888359069823 0.0189393934878436 0.21296296119689942 0.0378787869756872
0 0.27777776718139646 0.0189393934878436 0.08333332538604736 0.0378787869756872
0 0.2314814805984497 0.0189393934878436 0.19444442987442018 0.0378787869756872
0 0.27777776718139646 0.0189393934878436 0.12037036418914795 0.0378787869756872
0 0.29629628658294677 0.0189393934878436 0.13888888359069823 0.0378787869756872
0 0.3518518447875977 0.0189393934878436 0.12037038803100586 0.0378787869756872
0 0.36111111640930177 0.0189393934878436 0.12037038803100586 0.0378787869756872
0 0.3703703641891479 0.0189393934878436 0.08333334922790528 0.0378787869756872
0 0.3796296358108521 0.02735690095207908 0.08333334922790528 0.05471380190415816
0 0.38888888359069823 0.0189393934878436 0.08333332538604736 0.0378787869756872
0 0.42592592239379884 0.0189393934878436 0.12037038803100586 0.0378787869756872
0 0.44907407760620116 0.0189393934878436 0.03703703880310059 0.0378787869756872
0 0.4537036895751953 0.02735690095207908 0.027777767181396483 0.05471380190415816
0 0.45833330154418944 0.02735690095207908 0.018518495559692382 0.05471380190415816
0 0.47222223281860354 0.02735690095207908 0.027777814865112306 0.05471380190415816
0 0.4814814567565918 0.02735690095207908 0.027777767181396483 0.05471380190415816
0 0.4907407283782959 0.0189393934878436 0.027777767181396483 0.0378787869756872
0 0.5 0.02735690095207908 0.027777767181396483 0.05471380190415816
0 0.5092592239379883 0.02735690095207908 0.027777814865112306 0.05471380190415816
0 0.5185184955596924 0.02735690095207908 0.027777767181396483 0.05471380190415816
0 0.5277777671813965 0.02735690095207908 0.027777767181396483 0.05471380190415816
0 0.5370370388031006 0.02735690095207908 0.027777767181396483 0.05471380190415816
0 0.5601851463317871 0.0189393934878436 0.05555558204650879 0.0378787869756872
0 0.6018518447875977 0.0189393934878436 0.10185184478759765 0.0378787869756872
0 0.5787036895751954 0.0189393934878436 0.055555534362792966 0.0378787869756872
0 0.611111068725586 0.0189393934878436 0.08333334922790528 0.0378787869756872
0 0.6064814567565918 0.0189393934878436 0.12962961196899414 0.0378787869756872
0 0.6157407760620117 0.0189393934878436 0.03703703880310059 0.0378787869756872
0 0.6527777671813965 0.0189393934878436 0.09259262084960937 0.0378787869756872
0 0.5972222328186035 0.0189393934878436 0.2222221851348877 0.0378787869756872
0 0.6481481552124023 0.0189393934878436 0.15740742683410644 0.0378787869756872
0 0.6759259223937988 0.0189393934878436 0.12037038803100586 0.0378787869756872
0 0.7083333015441895 0.0189393934878436 0.11111111640930176 0.0378787869756872
0 0.7314814567565918 0.0189393934878436 0.08333334922790528 0.0378787869756872
0 0.75 0.0189393934878436 0.08333334922790528 0.0378787869756872
0 0.736111068725586 0.0189393934878436 0.05555558204650879 0.0378787869756872
0 0.7824073791503906 0.0189393934878436 0.09259257316589356 0.0378787869756872
0 0.7685184955596924 0.0189393934878436 0.13888883590698242 0.0378787869756872
0 0.8009259223937988 0.0189393934878436 0.09259262084960937 0.0378787869756872
0 0.8148147583007812 0.0189393934878436 0.13888888359069823 0.0378787869756872
0 0.8657407760620117 0.0189393934878436 0.09259252548217774 0.0378787869756872
0 0.888888931274414 0.0189393934878436 0.08333330154418946 0.0378787869756872
0 0.8981481552124023 0.02735690095207908 0.08333330154418946 0.05471380190415816
0 0.8888888359069824 0.02735690095207908 0.046296310424804685 0.05471380190415816
0 0.8935184478759766 0.0189393934878436 0.037036991119384764 0.0378787869756872
0 0.9027777671813965 0.0189393934878436 0.037037086486816403 0.0378787869756872
0 0.9120370864868164 0.02735690095207908 0.037036991119384764 0.05471380190415816
0 0.9259259223937988 0.02735690095207908 0.06481475830078125 0.05471380190415816
0 0.9375 0.02735690095207908 0.125 0.05471380190415816
0 0.951388931274414 0.0189393934878436 0.09722223281860351 0.0378787869756872
0 0.9699073791503906 0.0189393934878436 0.06018524169921875 0.0378787869756872
0 0.9791666030883789 0.02735690095207908 0.041666698455810544 0.05471380190415816
0 0.9791666030883789 0.02735690095207908 0.041666698455810544 0.05471380190415816
0 0.9837963104248046 0.02735690095207908 0.032407379150390624 0.05471380190415816
0 0.9791666030883789 0.035774409770965576 0.041666698455810544 0.07154881954193115
0 0.039351850748062134 0.02735690095207908 0.07870370149612427 0.05471380190415816
0 0.04629629552364349 0.0189393934878436 0.08333333134651184 0.0378787869756872
0 0.0555555522441864 0.010521885346282612 0.08333333134651184 0.021043770692565224
0 0.06481481194496155 0.0189393934878436 0.08333333134651184 0.0378787869756872
0 0.07870370149612427 0.02735690095207908 0.09259259700775146 0.05471380190415816
0 0.10648148059844971 0.02735690095207908 0.09259259700775146 0.05471380190415816
0 0.11574074029922485 0.010521885346282612 0.09259259700775146 0.021043770692565224
0 0.13888888359069823 0.010521885346282612 0.08333333730697631 0.021043770692565224
0 0.14814814329147338 0.0189393934878436 0.08333332538604736 0.0378787869756872
0 0.1666666626930237 0.010521885346282612 0.08333332538604736 0.021043770692565224
0 0.18981481790542604 0.010521885346282612 0.09259259700775146 0.021043770692565224
0 0.20833334922790528 0.010521885346282612 0.09259259700775146 0.021043770692565224
0 0.2314814805984497 0.010521885346282612 0.08333334922790528 0.021043770692565224
0 0.2222222328186035 0.010521885346282612 0.027777791023254395 0.021043770692565224
0 0.23611111640930177 0.02735690095207908 0.018518519401550294 0.05471380190415816
0 0.2407407283782959 0.02735690095207908 0.027777791023254395 0.05471380190415816
0 0.25 0.0189393934878436 0.027777767181396483 0.0378787869756872
0 0.2962963104248047 0.0189393934878436 0.08333332538604736 0.0378787869756872
0 0.2962963104248047 0.0189393934878436 0.12037036418914795 0.0378787869756872
0 0.32407407760620116 0.0189393934878436 0.08333332538604736 0.0378787869756872
0 0.34259257316589353 0.010521885346282612 0.08333332538604736 0.021043770692565224
0 0.3379629611968994 0.010521885346282612 0.11111111640930176 0.021043770692565224
0 0.36111111640930177 0.010521885346282612 0.08333332538604736 0.021043770692565224
0 0.3796296358108521 0.010521885346282612 0.08333334922790528 0.021043770692565224
0 0.3657407283782959 0.0189393934878436 0.05555555820465088 0.0378787869756872
0 0.3796296358108521 0.0189393934878436 0.08333334922790528 0.0378787869756872
0 0.444444465637207 0.0189393934878436 0.08333334922790528 0.0378787869756872
0 0.44907407760620116 0.02735690095207908 0.09259257316589356 0.05471380190415816
0 0.4675926208496094 0.02735690095207908 0.09259257316589356 0.05471380190415816
0 0.4537036895751953 0.02735690095207908 0.046296310424804685 0.05471380190415816
0 0.4629629611968994 0.02735690095207908 0.027777767181396483 0.05471380190415816
0 0.5648148059844971 0.0189393934878436 0.046296310424804685 0.0378787869756872
0 0.5925926208496094 0.0189393934878436 0.06481480598449707 0.0378787869756872
0 0.6203703880310059 0.0189393934878436 0.08333334922790528 0.0378787869756872
0 0.6574073791503906 0.010521885346282612 0.10185184478759765 0.021043770692565224
0 0.6527777671813965 0.010521885346282612 0.055555534362792966 0.021043770692565224
0 0.6851851463317871 0.010521885346282612 0.08333334922790528 0.021043770692565224
0 0.7175925731658935 0.010521885346282612 0.07407407760620117 0.021043770692565224
0 0.7129629611968994 0.010521885346282612 0.046296310424804685 0.021043770692565224
0 0.7222222328186035 0.010521885346282612 0.04629626274108887 0.021043770692565224
0 0.7222222328186035 0.010521885346282612 0.027777814865112306 0.021043770692565224
0 0.7824073791503906 0.010521885346282612 0.09259257316589356 0.021043770692565224
0 0.7777777671813965 0.0189393934878436 0.046296310424804685 0.0378787869756872
0 0.7916666984558105 0.010521885346282612 0.05555558204650879 0.021043770692565224
0 0.7916666507720947 0.0189393934878436 0.018518543243408202 0.0378787869756872
0 0.8148147583007812 0.0189393934878436 0.04629626274108887 0.0378787869756872
0 0.8240740776062012 0.0189393934878436 0.046296310424804685 0.0378787869756872
0 0.8240739822387695 0.0189393934878436 0.027777767181396483 0.0378787869756872
0 0.8842592239379883 0.010521885346282612 0.07407407760620117 0.021043770692565224
0 0.8796296119689941 0.02735690095207908 0.046296310424804685 0.05471380190415816
0 0.8888888359069824 0.010521885346282612 0.046296310424804685 0.021043770692565224
0 0.8981481552124023 0.010521885346282612 0.046296310424804685 0.021043770692565224
0 0.9212963104248046 0.035774409770965576 0.037036991119384764 0.07154881954193115
0 0.9490740776062012 0.02735690095207908 0.055555534362792966 0.05471380190415816
0 0.9675926208496094 0.02735690095207908 0.05555562973022461 0.05471380190415816
0 0.9745370864868164 0.010521885346282612 0.050925922393798825 0.021043770692565224
0 0.04398148059844971 0.0378787869756872 0.08796296119689942 0.0673400651324879
0 0.06018518209457398 0.029461278156800705 0.09259259104728698 0.05050504749471491
0 0.037037035822868346 0.029461278156800705 0.027777773141860963 0.05050504749471491
0 0.0555555522441864 0.029461278156800705 0.04629629552364349 0.05050504749471491
0 0.06481481194496155 0.029461278156800705 0.04629629552364349 0.05050504749471491
0 0.09722222089767456 0.029461278156800705 0.09259259700775146 0.05050504749471491
0 0.11111111640930176 0.0378787869756872 0.10185185670852662 0.0673400651324879
0 0.09259259104728698 0.029461278156800705 0.02777777910232544 0.05050504749471491
0 0.10185184478759765 0.029461278156800705 0.02777777910232544 0.05050504749471491
0 0.11574074029922485 0.029461278156800705 0.018518519401550294 0.05050504749471491
0 0.125 0.02735690095207908 0.018518519401550294 0.05471380190415816
0 0.12962963581085205 0.029461278156800705 0.02777777910232544 0.05050504749471491
0 0.1435185194015503 0.029461278156800705 0.018518519401550294 0.05050504749471491
0 0.15277777910232543 0.029461278156800705 0.018518519401550294 0.05050504749471491
0 0.19907407760620116 0.02735690095207908 0.09259258508682251 0.05471380190415816
0 0.20370371341705323 0.029461278156800705 0.10185185670852662 0.05050504749471491
0 0.2222222328186035 0.0378787869756872 0.08333332538604736 0.0673400651324879
0 0.20833332538604737 0.029461278156800705 0.01851853132247925 0.05050504749471491
0 0.21759257316589356 0.029461278156800705 0.018518519401550294 0.05050504749471491
0 0.22685184478759765 0.029461278156800705 0.018518519401550294 0.05050504749471491
0 0.2314814805984497 0.05471380190415816 0.027777767181396483 0.10101010582663796
0 0.2407407283782959 0.05471380190415816 0.027777791023254395 0.10101010582663796
0 0.25 0.0378787869756872 0.027777767181396483 0.0673400651324879
0 0.2592592716217041 0.0378787869756872 0.027777791023254395 0.0673400651324879
0 0.27777776718139646 0.029461278156800705 0.027777767181396483 0.05050504749471491
0 0.28240740299224854 0.021043770692565224 0.03703703880310059 0.03367003256624395
0 0.3379629611968994 0.021043770692565224 0.07407407760620117 0.03367003256624395
0 0.3194444179534912 0.021043770692565224 0.018518519401550294 0.03367003256624395
0 0.3564814805984497 0.021043770692565224 0.07407407760620117 0.03367003256624395
0 0.3657407283782959 0.029461278156800705 0.07407407760620117 0.05050504749471491
0 0.36111111640930177 0.02735690095207908 0.10185186862945557 0.05471380190415816
0 0.34259257316589353 0.035774409770965576 0.04629628658294678 0.07154881954193115
0 0.36111111640930177 0.035774409770965576 0.027777791023254395 0.07154881954193115
0 0.3657407283782959 0.035774409770965576 0.05555555820465088 0.07154881954193115
0 0.41666665077209475 0.035774409770965576 0.12037036418914795 0.07154881954193115
0 0.43981480598449707 0.035774409770965576 0.09259259700775146 0.07154881954193115
0 0.430555534362793 0.0378787869756872 0.055555534362792966 0.0673400651324879
0 0.4675926208496094 0.0378787869756872 0.09259257316589356 0.0673400651324879
0 0.44907407760620116 0.06102693622762507 0.03703703880310059 0.12205387245525014
0 0.4675926208496094 0.06944444504651157 0.03703703880310059 0.13888889009302313
0 0.4814814567565918 0.06944444504651157 0.027777767181396483 0.13888889009302313
0 0.4907407283782959 0.06944444504651157 0.046296310424804685 0.13888889009302313
0 0.5046296119689941 0.06944444504651157 0.03703703880310059 0.13888889009302313
0 0.5277777671813965 0.06944444504651157 0.046296310424804685 0.13888889009302313
0 0.5370370388031006 0.06944444504651157 0.046296310424804685 0.13888889009302313
0 0.5509259223937988 0.02735690095207908 0.03703703880310059 0.05471380190415816
0 0.5648148059844971 0.02735690095207908 0.027777767181396483 0.05471380190415816
0 0.5740740776062012 0.02735690095207908 0.027777767181396483 0.05471380190415816
0 0.6296296119689941 0.02735690095207908 0.10185184478759765 0.05471380190415816
0 0.6203703880310059 0.02735690095207908 0.027777814865112306 0.05471380190415816
0 0.6296296119689941 0.02735690095207908 0.027777767181396483 0.05471380190415816
0 0.6388888835906983 0.02735690095207908 0.027777767181396483 0.05471380190415816
0 0.6481481552124023 0.02735690095207908 0.027777767181396483 0.05471380190415816
0 0.6481481552124023 0.02735690095207908 0.04629626274108887 0.05471380190415816
0 0.6527777671813965 0.02735690095207908 0.07407407760620117 0.05471380190415816
0 0.7175925731658935 0.029461278156800705 0.09259262084960937 0.05050504749471491
0 0.7129629611968994 0.02735690095207908 0.046296310424804685 0.05471380190415816
0 0.7129629611968994 0.029461278156800705 0.027777767181396483 0.05050504749471491
0 0.7175926208496094 0.07154881954193115 0.03703703880310059 0.13468014110218396
0 0.7268518447875977 0.06944444504651157 0.03703703880310059 0.13888889009302313
0 0.736111068725586 0.06944444504651157 0.03703703880310059 0.13888889009302313
0 0.7453703880310059 0.02735690095207908 0.03703703880310059 0.05471380190415816
0 0.7592592239379883 0.029461278156800705 0.027777814865112306 0.05050504749471491
0 0.7731481552124023 0.029461278156800705 0.018518495559692382 0.05050504749471491
0 0.7777777671813965 0.029461278156800705 0.027777767181396483 0.05050504749471491
0 0.7870370388031006 0.0189393934878436 0.027777767181396483 0.0378787869756872
0 0.7870370388031006 0.02735690095207908 0.0648148536682129 0.05471380190415816
0 0.8055555343627929 0.02735690095207908 0.046296310424804685 0.05471380190415816
0 0.8287036895751954 0.029461278156800705 0.037037086486816403 0.05050504749471491
0 0.8379629135131836 0.029461278156800705 0.037036991119384764 0.05050504749471491
0 0.8518518447875977 0.05471380190415816 0.027777767181396483 0.10101010582663796
0 0.8703703880310059 0.05471380190415816 0.046296310424804685 0.10101010582663796
0 0.8703702926635742 0.02735690095207908 0.027777767181396483 0.05471380190415816
0 0.8796296119689941 0.02735690095207908 0.027777862548828126 0.05471380190415816
0 0.888888931274414 0.02735690095207908 0.027777767181396483 0.05471380190415816
0 0.8981481552124023 0.06944444504651157 0.046296310424804685 0.13888889009302313
0 0.9074073791503906 0.06944444504651157 0.046296310424804685 0.13888889009302313
0 0.9120370864868164 0.05260942740873857 0.037036991119384764 0.10521885481747714
0 0.9259258270263672 0.06102693622762507 0.027777767181396483 0.12205387245525014
0 0.9398147583007812 0.06102693622762507 0.037036991119384764 0.12205387245525014
0 0.9490740776062012 0.06102693622762507 0.037037086486816403 0.12205387245525014
0 0.9745370864868164 0.06102693622762507 0.050925922393798825 0.12205387245525014
0 0.04398148059844971 0.0378787869756872 0.08796296119689942 0.03367002985694192
0 0.03240740597248078 0.0378787869756872 0.018518517911434173 0.03367002985694192
0 0.037037035822868346 0.0378787869756872 0.027777773141860963 0.03367002985694192
0 0.04166666567325592 0.05471380190415816 0.03703703284263611 0.0673400651324879
0 0.0555555522441864 0.044191918589852074 0.0277777761220932 0.08838383717970415
0 0.06481481194496155 0.15361952781677246 0.02777777910232544 0.3072390556335449
0 0.07407407164573669 0.15361952781677246 0.04629629850387573 0.3072390556335449
0 0.08333333134651184 0.15361952781677246 0.02777777910232544 0.3072390556335449
0 0.09259259104728698 0.04629629308527166 0.02777777910232544 0.05050504749471491
0 0.09722222089767456 0.04629629308527166 0.018518519401550294 0.05050504749471491
0 0.10648148059844971 0.04629629308527166 0.018518519401550294 0.05050504749471491
0 0.12037036418914795 0.0378787869756872 0.02777777910232544 0.03367002985694192
0 0.15740740299224854 0.05471380190415816 0.08333332538604736 0.0673400651324879
0 0.13425925970077515 0.04629629308527166 0.03703703880310059 0.05050504749471491
0 0.1435185194015503 0.035774409770965576 0.03703703880310059 0.07154881954193115
0 0.15277777910232543 0.0378787869756872 0.03703703880310059 0.03367002985694192
0 0.20833332538604737 0.0378787869756872 0.07407406568527222 0.03367002985694192
0 0.19907407760620116 0.0378787869756872 0.03703703880310059 0.03367002985694192
0 0.20833332538604737 0.0378787869756872 0.01851853132247925 0.03367002985694192
0 0.21296296119689942 0.0378787869756872 0.009259271621704101 0.03367002985694192
0 0.2222222328186035 0.0378787869756872 0.009259247779846191 0.0673400651324879
0 0.2314814805984497 0.035774409770965576 0.027777767181396483 0.07154881954193115
0 0.23611111640930177 0.04629629308527166 0.03703703880310059 0.0841750827702609
0 0.23611111640930177 0.04629629308527166 0.07407408952713013 0.0841750827702609
0 0.25 0.04629629308527166 0.06481480598449707 0.0841750827702609
0 0.26388888359069823 0.05471380190415816 0.055555534362792966 0.0673400651324879
0 0.30555555820465086 0.06313131072304466 0.13888888359069823 0.11784512346441095
0 0.2962963104248047 0.05471380190415816 0.04629628658294678 0.0673400651324879
0 0.29166665077209475 0.04629629308527166 0.07407405376434326 0.0841750827702609
0 0.31481480598449707 0.0378787869756872 0.046296310424804685 0.0673400651324879
0 0.3379629611968994 0.04629629308527166 0.03703703880310059 0.05050504749471491
0 0.34259257316589353 0.0378787869756872 0.027777791023254395 0.03367002985694192
0 0.3472222089767456 0.05471380190415816 0.03703703880310059 0.0673400651324879
0 0.3564814805984497 0.05471380190415816 0.03703703880310059 0.0673400651324879
0 0.3657407283782959 0.05471380190415816 0.03703703880310059 0.0673400651324879
0 0.3842592716217041 0.04629629308527166 0.05555555820465088 0.0841750827702609
0 0.3981481552124023 0.05471380190415816 0.046296310424804685 0.0673400651324879
0 0.4120370388031006 0.05471380190415816 0.037037014961242676 0.0673400651324879
0 0.430555534362793 0.05471380190415816 0.055555534362792966 0.0673400651324879
0 0.43518519401550293 0.05471380190415816 0.027777767181396483 0.0673400651324879
0 0.4444444179534912 0.05471380190415816 0.027777767181396483 0.0673400651324879
0 0.4768518447875977 0.035774409770965576 0.09259262084960937 0.07154881954193115
0 0.4814814567565918 0.15361952781677246 0.10185184478759765 0.3072390556335449
0 0.49537038803100586 0.035774409770965576 0.09259257316589356 0.07154881954193115
0 0.4814814567565918 0.035774409770965576 0.046296310424804685 0.07154881954193115
0 0.49537038803100586 0.035774409770965576 0.05555558204650879 0.07154881954193115
0 0.5046296119689941 0.15361952781677246 0.055555534362792966 0.3072390556335449
0 0.5231481552124023 0.15361952781677246 0.05555558204650879 0.3072390556335449
0 0.5185184955596924 0.15361952781677246 0.027777767181396483 0.3072390556335449
0 0.5277777671813965 0.15361952781677246 0.027777767181396483 0.3072390556335449
0 0.5370370388031006 0.15361952781677246 0.027777767181396483 0.3072390556335449
0 0.5648148059844971 0.15361952781677246 0.046296310424804685 0.3072390556335449
0 0.5787036895751954 0.15361952781677246 0.03703703880310059 0.3072390556335449
0 0.5833333015441895 0.02735690095207908 0.027777814865112306 0.05471380190415816
0 0.5879629611968994 0.0378787869756872 0.018518543243408202 0.03367002985694192
0 0.6018518447875977 0.15361952781677246 0.046296310424804685 0.3072390556335449
0 0.6666666507720947 0.15361952781677246 0.15740737915039063 0.3072390556335449
0 0.625 0.15361952781677246 0.03703703880310059 0.3072390556335449
0 0.6342592239379883 0.15361952781677246 0.03703703880310059 0.3072390556335449
0 0.6435185432434082 0.15361952781677246 0.03703703880310059 0.3072390556335449
0 0.6527777671813965 0.0378787869756872 0.018518543243408202 0.03367002985694192
0 0.6342592239379883 0.07154881954193115 0.07407402992248535 0.10101010582663796
0 0.6620370388031006 0.06313131072304466 0.055555534362792966 0.0841750827702609
0 0.6805555343627929 0.15361952781677246 0.055555534362792966 0.3072390556335449
0 0.6944444179534912 0.15361952781677246 0.046296310424804685 0.3072390556335449
0 0.7175925731658935 0.15361952781677246 0.018518543243408202 0.3072390556335449
0 0.7222222328186035 0.15361952781677246 0.027777814865112306 0.3072390556335449
0 0.7407407283782959 0.15361952781677246 0.027777767181396483 0.3072390556335449
0 0.75 0.15361952781677246 0.027777767181396483 0.3072390556335449
0 0.7638888835906983 0.15361952781677246 0.018518543243408202 0.3072390556335449
0 0.7129629135131836 0.15361952781677246 0.13888888359069823 0.3072390556335449
0 0.75 0.15361952781677246 0.08333334922790528 0.3072390556335449
0 0.7916666984558105 0.15361952781677246 0.05555558204650879 0.3072390556335449
0 0.8055555343627929 0.09680134599859064 0.046296310424804685 0.1515151479027488
0 0.8240739822387695 0.11363636363636363 0.027777767181396483 0.1515151479027488
0 0.8194444656372071 0.15361952781677246 0.018518543243408202 0.3072390556335449
0 0.8333333015441895 0.15361952781677246 0.046296310424804685 0.3072390556335449
0 0.8425926208496094 0.15361952781677246 0.046296215057373045 0.3072390556335449
0 0.861111068725586 0.15361952781677246 0.046296310424804685 0.3072390556335449
0 0.875 0.15361952781677246 0.037037086486816403 0.3072390556335449
0 0.8842592239379883 0.07786195386539806 0.037037086486816403 0.1557239077307961
0 0.8935184478759766 0.15361952781677246 0.037036991119384764 0.3072390556335449
0 0.9074073791503906 0.15361952781677246 0.046296310424804685 0.3072390556335449
0 0.8657407760620117 0.07786195386539806 0.09259252548217774 0.1557239077307961
0 0.9166666030883789 0.07996632836081764 0.027777767181396483 0.15151515873995694
0 0.9212963104248046 0.06313131072304466 0.037036991119384764 0.0841750827702609
0 0.9398147583007812 0.06313131072304466 0.05555562973022461 0.0841750827702609
0 0.9490740776062012 0.06313131072304466 0.037037086486816403 0.0841750827702609
