0 0.07407407164573669 0.0189393934878436 0.08333333730697631 0.0378787869756872
0 0.08333333134651184 0.02735690095207908 0.08333333730697631 0.05471380190415816
0 0.09722222089767456 0.02735690095207908 0.05555555820465088 0.05471380190415816
0 0.11111111640930176 0.035774409770965576 0.08333333730697631 0.07154881954193115
0 0.13888888359069823 0.0189393934878436 0.08333333730697631 0.0378787869756872
0 0.2222222328186035 0.0189393934878436 0.12037036418914795 0.0378787869756872
0 0.2222222328186035 0.02735690095207908 0.08333332538604736 0.05471380190415816
0 0.23611111640930177 0.02735690095207908 0.05555555820465088 0.05471380190415816
0 0.2592592477798462 0.02735690095207908 0.06481480598449707 0.05471380190415816
0 0.3333333253860474 0.02735690095207908 0.046296310424804685 0.05471380190415816
0 0.34259257316589353 0.02735690095207908 0.04629628658294678 0.05471380190415816
0 0.34722223281860354 0.02735690095207908 0.05555555820465088 0.05471380190415816
0 0.3518518447875977 0.02735690095207908 0.046296310424804685 0.05471380190415816
0 0.36111111640930177 0.02735690095207908 0.04629628658294678 0.05471380190415816
0 0.3703703641891479 0.02735690095207908 0.046296310424804685 0.05471380190415816
0 0.40277776718139646 0.02735690095207908 0.0370370626449585 0.05471380190415816
0 0.4814814567565918 0.02735690095207908 0.12037034034729004 0.05471380190415816
0 0.4768518447875977 0.02735690095207908 0.07407407760620117 0.05471380190415816
0 0.4907407283782959 0.02735690095207908 0.027777767181396483 0.05471380190415816
0 0.5 0.02735690095207908 0.027777767181396483 0.05471380190415816
0 0.5 0.02735690095207908 0.046296310424804685 0.05471380190415816
0 0.5138888359069824 0.0189393934878436 0.03703703880310059 0.0378787869756872
0 0.5231481552124023 0.0189393934878436 0.03703703880310059 0.0378787869756872
0 0.5324073791503906 0.0189393934878436 0.03703703880310059 0.0378787869756872
0 0.5416666984558105 0.0189393934878436 0.03703703880310059 0.0378787869756872
0 0.5648148059844971 0.02735690095207908 0.0648148536682129 0.05471380190415816
0 0.5925925731658935 0.02735690095207908 0.10185184478759765 0.05471380190415816
0 0.5925925731658935 0.02735690095207908 0.027777767181396483 0.05471380190415816
0 0.6064814567565918 0.02735690095207908 0.03703703880310059 0.05471380190415816
0 0.6157407283782959 0.02735690095207908 0.055555534362792966 0.05471380190415816
0 0.6435184955596924 0.02735690095207908 0.07407407760620117 0.05471380190415816
0 0.6620370388031006 0.02735690095207908 0.055555534362792966 0.05471380190415816
0 0.6851851463317871 0.02735690095207908 0.06481480598449707 0.05471380190415816
0 0.7175925731658935 0.02735690095207908 0.07407407760620117 0.05471380190415816
0 0.7222222328186035 0.02735690095207908 0.04629626274108887 0.05471380190415816
0 0.736111068725586 0.02735690095207908 0.05555558204650879 0.05471380190415816
0 0.7453703880310059 0.02735690095207908 0.05555558204650879 0.05471380190415816
0 0.7731481552124023 0.02735690095207908 0.09259262084960937 0.05471380190415816
0 0.7962962627410889 0.02735690095207908 0.08333330154418946 0.05471380190415816
0 0.8101851463317871 0.02735690095207908 0.055555534362792966 0.05471380190415816
0 0.8194444656372071 0.02735690095207908 0.037036991119384764 0.05471380190415816
0 0.8287036895751954 0.02735690095207908 0.07407402992248535 0.05471380190415816
0 0.8472221374511719 0.02735690095207908 0.07407407760620117 0.05471380190415816
0 0.8564815521240234 0.02735690095207908 0.07407407760620117 0.05471380190415816
0 0.861111068725586 0.0189393934878436 0.0648148536682129 0.0378787869756872
0 0.888888931274414 0.02735690095207908 0.08333330154418946 0.05471380190415816
0 0.8981481552124023 0.02735690095207908 0.08333330154418946 0.05471380190415816
0 0.9259259223937988 0.02735690095207908 0.046296310424804685 0.05471380190415816
0 0.9166666030883789 0.02735690095207908 0.1018519401550293 0.05471380190415816
0 0.9259259223937988 0.02735690095207908 0.06481475830078125 0.05471380190415816
0 0.9444444656372071 0.035774409770965576 0.08333330154418946 0.07154881954193115
0 0.9444444656372071 0.02735690095207908 0.0648148536682129 0.05471380190415816
0 0.9652777671813965 0.02735690095207908 0.06944446563720703 0.05471380190415816
0 0.9699073791503906 0.044191918589852074 0.06018524169921875 0.08838383717970415
0 0.04629629552364349 0.02735690095207908 0.08333333134651184 0.05471380190415816
0 0.0555555522441864 0.010521885346282612 0.08333333134651184 0.021043770692565224
0 0.06944444179534912 0.02735690095207908 0.12962963581085205 0.05471380190415816
0 0.06481481194496155 0.02735690095207908 0.08333333134651184 0.05471380190415816
0 0.07870370149612427 0.02735690095207908 0.07407407760620117 0.05471380190415816
0 0.08333333134651184 0.035774409770965576 0.06481481790542602 0.07154881954193115
0 0.125 0.035774409770965576 0.07407407760620117 0.07154881954193115
0 0.13425925970077515 0.02735690095207908 0.03703703880310059 0.05471380190415816
0 0.15277777910232543 0.035774409770965576 0.05555555820465088 0.07154881954193115
0 0.1666666626930237 0.02735690095207908 0.12037036418914795 0.05471380190415816
0 0.18518518209457396 0.02735690095207908 0.12037036418914795 0.05471380190415816
0 0.18981480598449707 0.035774409770965576 0.07407406568527222 0.07154881954193115
0 0.2222222328186035 0.02735690095207908 0.12037036418914795 0.05471380190415816
0 0.21759259700775146 0.02735690095207908 0.07407407760620117 0.05471380190415816
0 0.2314814805984497 0.035774409770965576 0.06481481790542602 0.07154881954193115
0 0.24537036418914795 0.035774409770965576 0.03703703880310059 0.07154881954193115
0 0.24537038803100586 0.02735690095207908 0.05555555820465088 0.05471380190415816
0 0.2592592716217041 0.035774409770965576 0.04629628658294678 0.07154881954193115
0 0.26851849555969237 0.035774409770965576 0.04629628658294678 0.07154881954193115
0 0.29166665077209475 0.035774409770965576 0.07407405376434326 0.07154881954193115
0 0.31481480598449707 0.035774409770965576 0.046296310424804685 0.07154881954193115
0 0.30555555820465086 0.035774409770965576 0.06481480598449707 0.07154881954193115
0 0.32407407760620116 0.035774409770965576 0.06481482982635497 0.07154881954193115
0 0.3333333253860474 0.035774409770965576 0.06481480598449707 0.07154881954193115
0 0.34722223281860354 0.035774409770965576 0.05555555820465088 0.07154881954193115
0 0.3518518447875977 0.035774409770965576 0.046296310424804685 0.07154881954193115
0 0.3703703641891479 0.035774409770965576 0.046296310424804685 0.07154881954193115
0 0.37962961196899414 0.035774409770965576 0.04629628658294678 0.07154881954193115
0 0.3981481552124023 0.035774409770965576 0.046296310424804685 0.07154881954193115
0 0.4074073791503906 0.035774409770965576 0.04629628658294678 0.07154881954193115
0 0.41666665077209475 0.035774409770965576 0.04629628658294678 0.07154881954193115
0 0.43981480598449707 0.02735690095207908 0.07407407760620117 0.05471380190415816
0 0.4537036895751953 0.02735690095207908 0.08333330154418946 0.05471380190415816
0 0.4675926208496094 0.02735690095207908 0.09259257316589356 0.05471380190415816
0 0.47222223281860354 0.035774409770965576 0.06481480598449707 0.07154881954193115
0 0.5 0.02735690095207908 0.027777767181396483 0.05471380190415816
0 0.5046296119689941 0.02735690095207908 0.055555534362792966 0.05471380190415816
0 0.5185184955596924 0.035774409770965576 0.046296310424804685 0.07154881954193115
0 0.5324073791503906 0.035774409770965576 0.05555558204650879 0.07154881954193115
0 0.5416666507720947 0.035774409770965576 0.07407407760620117 0.07154881954193115
0 0.5555555343627929 0.035774409770965576 0.06481480598449707 0.07154881954193115
0 0.5787036895751954 0.035774409770965576 0.03703703880310059 0.07154881954193115
0 0.5972222328186035 0.02735690095207908 0.018518495559692382 0.05471380190415816
0 0.6018518447875977 0.02735690095207908 0.027777767181396483 0.05471380190415816
0 0.6018518447875977 0.035774409770965576 0.046296310424804685 0.07154881954193115
0 0.611111068725586 0.02735690095207908 0.06481480598449707 0.05471380190415816
0 0.6342592239379883 0.02735690095207908 0.07407402992248535 0.05471380190415816
0 0.6481481552124023 0.02735690095207908 0.08333334922790528 0.05471380190415816
0 0.6759259223937988 0.02735690095207908 0.08333330154418946 0.05471380190415816
0 0.6944444656372071 0.02735690095207908 0.08333334922790528 0.05471380190415816
0 0.7314814567565918 0.02735690095207908 0.08333334922790528 0.05471380190415816
0 0.7962963104248046 0.02735690095207908 0.06481480598449707 0.05471380190415816
0 0.8194444656372071 0.02735690095207908 0.05555558204650879 0.05471380190415816
0 0.8379629135131836 0.02735690095207908 0.055555534362792966 0.05471380190415816
0 0.861111068725586 0.035774409770965576 0.0648148536682129 0.07154881954193115
0 0.875 0.02735690095207908 0.055555534362792966 0.05471380190415816
0 0.9074073791503906 0.035774409770965576 0.06481475830078125 0.07154881954193115
0 0.9351851463317871 0.035774409770965576 0.046296310424804685 0.07154881954193115
0 0.9351852416992188 0.035774409770965576 0.0648148536682129 0.07154881954193115
0 0.9490740776062012 0.02735690095207908 0.055555534362792966 0.05471380190415816
0 0.9583333015441895 0.035774409770965576 0.055555534362792966 0.07154881954193115
0 0.9699073791503906 0.035774409770965576 0.06018524169921875 0.07154881954193115
0 0.03009259104728699 0.02735690095207908 0.06018518209457398 0.05471380190415816
0 0.018518517911434173 0.029461278156800705 0.0277777761220932 0.05050504749471491
0 0.050925922393798825 0.029461278156800705 0.09259259104728698 0.05050504749471491
0 0.06481481194496155 0.0189393934878436 0.08333333134651184 0.0378787869756872
0 0.04166666567325592 0.021043770692565224 0.03703703284263611 0.03367003256624395
0 0.0555555522441864 0.021043770692565224 0.0277777761220932 0.03367003256624395
0 0.06018518209457398 0.029461278156800705 0.018518519401550294 0.05050504749471491
0 0.06944444179534912 0.029461278156800705 0.03703703880310059 0.05050504749471491
0 0.06018518209457398 0.0378787869756872 0.07407407164573669 0.0673400651324879
0 0.08333333134651184 0.02735690095207908 0.04629629850387573 0.05471380190415816
0 0.07870370149612427 0.035774409770965576 0.05555555820465088 0.07154881954193115
0 0.11111111640930176 0.035774409770965576 0.02777777910232544 0.07154881954193115
0 0.125 0.035774409770965576 0.03703703880310059 0.07154881954193115
0 0.13425925970077515 0.035774409770965576 0.03703703880310059 0.07154881954193115
0 0.17129628658294677 0.0378787869756872 0.055555546283721925 0.0673400651324879
0 0.20370371341705323 0.0378787869756872 0.10185185670852662 0.0673400651324879
0 0.19907407760620116 0.035774409770965576 0.055555546283721925 0.07154881954193115
0 0.18518518209457396 0.0378787869756872 0.08333332538604736 0.0673400651324879
0 0.2222222089767456 0.0378787869756872 0.04629629850387573 0.0673400651324879
0 0.23611111640930177 0.035774409770965576 0.07407408952713013 0.07154881954193115
0 0.2546296358108521 0.02735690095207908 0.03703703880310059 0.05471380190415816
0 0.2592592716217041 0.035774409770965576 0.027777791023254395 0.07154881954193115
0 0.26388888359069823 0.02735690095207908 0.03703703880310059 0.05471380190415816
0 0.2685185194015503 0.044191918589852074 0.06481480598449707 0.08838383717970415
0 0.2870370388031006 0.044191918589852074 0.06481480598449707 0.08838383717970415
0 0.31481480598449707 0.04629629308527166 0.046296310424804685 0.0841750827702609
0 0.30092592239379884 0.0378787869756872 0.09259257316589356 0.0673400651324879
0 0.3287036895751953 0.044191918589852074 0.07407407760620117 0.08838383717970415
0 0.36111111640930177 0.02735690095207908 0.027777791023254395 0.05471380190415816
0 0.3842592716217041 0.035774409770965576 0.018518519401550294 0.07154881954193115
0 0.39351849555969237 0.035774409770965576 0.018518519401550294 0.07154881954193115
0 0.40277776718139646 0.035774409770965576 0.018518519401550294 0.07154881954193115
0 0.4120370388031006 0.035774409770965576 0.037037014961242676 0.07154881954193115
0 0.4074073791503906 0.035774409770965576 0.06481480598449707 0.07154881954193115
0 0.42592592239379884 0.02735690095207908 0.027777767181396483 0.05471380190415816
0 0.43518519401550293 0.02735690095207908 0.08333332538604736 0.05471380190415816
0 0.44907407760620116 0.0378787869756872 0.09259257316589356 0.0673400651324879
0 0.4675926208496094 0.0378787869756872 0.09259257316589356 0.0673400651324879
0 0.49537038803100586 0.0378787869756872 0.03703703880310059 0.0673400651324879
0 0.5 0.035774409770965576 0.046296310424804685 0.07154881954193115
0 0.5092592239379883 0.035774409770965576 0.08333334922790528 0.07154881954193115
0 0.5231481552124023 0.0378787869756872 0.07407407760620117 0.0673400651324879
0 0.5648148059844971 0.0378787869756872 0.08333330154418946 0.0673400651324879
0 0.6157407760620117 0.035774409770965576 0.03703703880310059 0.07154881954193115
0 0.6296296119689941 0.02735690095207908 0.027777767181396483 0.05471380190415816
0 0.6342592239379883 0.035774409770965576 0.09259257316589356 0.07154881954193115
0 0.6527777671813965 0.035774409770965576 0.09259262084960937 0.07154881954193115
0 0.6712963104248046 0.02735690095207908 0.09259257316589356 0.05471380190415816
0 0.6805555343627929 0.029461278156800705 0.09259257316589356 0.05050504749471491
0 0.6898148059844971 0.0378787869756872 0.09259262084960937 0.0673400651324879
0 0.7037036895751954 0.035774409770965576 0.10185184478759765 0.07154881954193115
0 0.7175925731658935 0.0378787869756872 0.09259262084960937 0.0673400651324879
0 0.7268518447875977 0.029461278156800705 0.09259262084960937 0.05050504749471491
0 0.7592592716217041 0.021043770692565224 0.12037038803100586 0.03367003256624395
0 0.7638888835906983 0.029461278156800705 0.12962961196899414 0.05050504749471491
0 0.7546296119689941 0.0378787869756872 0.09259262084960937 0.0673400651324879
0 0.7731481552124023 0.035774409770965576 0.09259262084960937 0.07154881954193115
0 0.8055555343627929 0.035774409770965576 0.08333334922790528 0.07154881954193115
0 0.8333333015441895 0.0378787869756872 0.08333334922790528 0.0673400651324879
0 0.8425926208496094 0.035774409770965576 0.08333330154418946 0.07154881954193115
0 0.8657407760620117 0.02735690095207908 0.07407407760620117 0.05471380190415816
0 0.888888931274414 0.02735690095207908 0.027777767181396483 0.05471380190415816
0 0.9166666030883789 0.029461278156800705 0.046296215057373045 0.05050504749471491
0 0.9166666030883789 0.035774409770965576 0.046296215057373045 0.07154881954193115
0 0.9212963104248046 0.035774409770965576 0.037036991119384764 0.07154881954193115
0 0.9351852416992188 0.035774409770965576 0.08333330154418946 0.07154881954193115
0 0.011574073880910873 0.0378787869756872 0.023148147761821745 0.03367002985694192
0 0.018518517911434173 0.0378787869756872 0.0277777761220932 0.03367002985694192
0 0.037037035822868346 0.0378787869756872 0.027777773141860963 0.03367002985694192
0 0.0555555522441864 0.0378787869756872 0.0277777761220932 0.03367002985694192
0 0.07407407164573669 0.0378787869756872 0.04629629850387573 0.0673400651324879
0 0.08796296119689942 0.0378787869756872 0.03703703880310059 0.0673400651324879
0 0.09722222089767456 0.035774409770965576 0.03703703880310059 0.07154881954193115
0 0.11111111640930176 0.044191918589852074 0.06481481790542602 0.08838383717970415
0 0.1435185194015503 0.035774409770965576 0.05555555820465088 0.07154881954193115
0 0.1666666626930237 0.035774409770965576 0.04629628658294678 0.07154881954193115
0 0.17592592239379884 0.035774409770965576 0.04629628658294678 0.07154881954193115
0 0.16203703880310058 0.035774409770965576 0.09259258508682251 0.07154881954193115
0 0.2037036895751953 0.035774409770965576 0.08333332538604736 0.07154881954193115
0 0.22685184478759765 0.04629629308527166 0.09259259700775146 0.05050504749471491
0 0.26851849555969237 0.035774409770965576 0.04629628658294678 0.07154881954193115
0 0.26388888359069823 0.044191918589852074 0.03703703880310059 0.08838383717970415
0 0.28240740299224854 0.05260942740873857 0.055555534362792966 0.10521885481747714
0 0.28240740299224854 0.04629629308527166 0.07407407760620117 0.0841750827702609
0 0.31481480598449707 0.04629629308527166 0.08333332538604736 0.05050504749471491
0 0.32407407760620116 0.0378787869756872 0.08333332538604736 0.0673400651324879
0 0.3518518447875977 0.04629629308527166 0.046296310424804685 0.0841750827702609
0 0.3564814805984497 0.044191918589852074 0.03703703880310059 0.08838383717970415
0 0.3657407283782959 0.044191918589852074 0.03703703880310059 0.08838383717970415
0 0.375 0.044191918589852074 0.03703703880310059 0.08838383717970415
0 0.3796296358108521 0.044191918589852074 0.08333334922790528 0.08838383717970415
0 0.3981481552124023 0.044191918589852074 0.08333332538604736 0.08838383717970415
0 0.42592592239379884 0.044191918589852074 0.027777767181396483 0.08838383717970415
0 0.45833334922790525 0.035774409770965576 0.12962963581085205 0.07154881954193115
0 0.47222223281860354 0.035774409770965576 0.08333334922790528 0.07154881954193115
0 0.5277777671813965 0.035774409770965576 0.12037038803100586 0.07154881954193115
0 0.5416666984558105 0.0378787869756872 0.03703703880310059 0.0673400651324879
0 0.5509259223937988 0.0378787869756872 0.03703703880310059 0.0673400651324879
0 0.5833333015441895 0.035774409770965576 0.06481480598449707 0.07154881954193115
0 0.6296296119689941 0.044191918589852074 0.12037038803100586 0.08838383717970415
0 0.6574073791503906 0.035774409770965576 0.08333334922790528 0.07154881954193115
0 0.6435184955596924 0.035774409770965576 0.12962961196899414 0.07154881954193115
0 0.736111068725586 0.035774409770965576 0.12962965965270995 0.07154881954193115
0 0.7638888835906983 0.04629629308527166 0.12962961196899414 0.05050504749471491
0 0.8148147583007812 0.04629629308527166 0.08333330154418946 0.05050504749471491
0 0.8472221374511719 0.035774409770965576 0.037036991119384764 0.07154881954193115
0 0.8564814567565918 0.0378787869756872 0.037037086486816403 0.0673400651324879
0 0.8703702926635742 0.035774409770965576 0.027777767181396483 0.07154881954193115
0 0.8657407760620117 0.0378787869756872 0.07407407760620117 0.03367002985694192
0 0.8981481552124023 0.0378787869756872 0.027777767181396483 0.03367002985694192
0 0.9305555343627929 0.044191918589852074 0.09259262084960937 0.08838383717970415
0 0.9212963104248046 0.044191918589852074 0.055555534362792966 0.08838383717970415
0 0.9490740776062012 0.044191918589852074 0.037037086486816403 0.08838383717970415
0 0.9444444656372071 0.035774409770965576 0.08333330154418946 0.07154881954193115
0 0.9560184478759766 0.0378787869756872 0.08796300888061523 0.0673400651324879
0 0.9606481552124023 0.035774409770965576 0.07870368957519532 0.07154881954193115
0 0.011574073880910873 0.05471380190415816 0.023148147761821745 0.0673400651324879
0 0.018518517911434173 0.05471380190415816 0.0277777761220932 0.0673400651324879
0 0.03240740597248078 0.05471380190415816 0.03703703284263611 0.0673400651324879
0 0.046296292543411256 0.05471380190415816 0.0277777761220932 0.0673400651324879
0 0.06481481194496155 0.05471380190415816 0.02777777910232544 0.0673400651324879
0 0.08796296119689942 0.05471380190415816 0.03703703880310059 0.10101010582663796
0 0.11574074029922485 0.05471380190415816 0.05555555820465088 0.10101010582663796
0 0.13425925970077515 0.05471380190415816 0.05555555820465088 0.10101010582663796
0 0.13888888359069823 0.04629629308527166 0.04629629850387573 0.0841750827702609
0 0.17129629850387573 0.07154881954193115 0.09259259700775146 0.03367003527554599
0 0.18055555820465088 0.06313131072304466 0.09259258508682251 0.05050505291331898
0 0.17592592239379884 0.04629629308527166 0.04629628658294678 0.0841750827702609
0 0.19444444179534912 0.0378787869756872 0.04629629850387573 0.0673400651324879
0 0.2037036895751953 0.04629629308527166 0.04629628658294678 0.0841750827702609
0 0.19907407760620116 0.06313131072304466 0.03703703880310059 0.05050505291331898
0 0.20833332538604737 0.06313131072304466 0.03703703880310059 0.05050505291331898
0 0.21296296119689942 0.05471380190415816 0.08333333730697631 0.0673400651324879
0 0.20833332538604737 0.06313131072304466 0.07407406568527222 0.05050505291331898
0 0.2592592716217041 0.06313131072304466 0.04629628658294678 0.05050505291331898
0 0.26388888359069823 0.16203703663565897 0.03703703880310059 0.32407407327131793
0 0.2731481552124023 0.16203703663565897 0.037037014961242676 0.32407407327131793
0 0.30092592239379884 0.044191918589852074 0.09259257316589356 0.08838383717970415
0 0.2962963104248047 0.044191918589852074 0.04629628658294678 0.08838383717970415
0 0.30092592239379884 0.04629629308527166 0.03703703880310059 0.0841750827702609
0 0.31481480598449707 0.04629629308527166 0.027777767181396483 0.0841750827702609
0 0.31944444179534914 0.05471380190415816 0.03703703880310059 0.0673400651324879
0 0.3379629611968994 0.04629629308527166 0.05555555820465088 0.0841750827702609
0 0.375 0.05471380190415816 0.05555555820465088 0.0673400651324879
0 0.38888888359069823 0.05471380190415816 0.06481482982635497 0.0673400651324879
0 0.40277776718139646 0.05471380190415816 0.055555534362792966 0.0673400651324879
0 0.4212963104248047 0.04629629308527166 0.05555555820465088 0.0841750827702609
0 0.4537036895751953 0.04629629308527166 0.046296310424804685 0.0841750827702609
0 0.4768518447875977 0.04629629308527166 0.07407407760620117 0.0841750827702609
0 0.4675926208496094 0.0378787869756872 0.03703703880310059 0.0673400651324879
0 0.49537038803100586 0.04629629308527166 0.05555558204650879 0.0841750827702609
0 0.5046296119689941 0.16203703663565897 0.03703703880310059 0.32407407327131793
0 0.5185184955596924 0.044191918589852074 0.046296310424804685 0.08838383717970415
0 0.5324073791503906 0.044191918589852074 0.05555558204650879 0.08838383717970415
0 0.5370370388031006 0.04629629308527166 0.046296310424804685 0.0841750827702609
0 0.5462963104248046 0.04629629308527166 0.04629626274108887 0.0841750827702609
0 0.5416666984558105 0.05471380190415816 0.03703703880310059 0.03367003256624395
0 0.5509259223937988 0.05471380190415816 0.03703703880310059 0.03367003256624395
0 0.5648148059844971 0.05471380190415816 0.027777767181396483 0.03367003256624395
