0 0.039351852846817234 0.015407986442248027 0.07870370569363447 0.030815972884496053
0 0.02314814715318277 0.015407986442248027 0.037037036788295695 0.030815972884496053
0 0.0370370390269678 0.015407986442248027 0.027777777031553742 0.030815972884496053
0 0.0370370390269678 0.015407986442248027 0.027777777031553742 0.030815972884496053
0 0.04629629878370974 0.015407986442248027 0.027777777031553742 0.030815972884496053
0 0.055555558540451695 0.015407986442248027 0.027777779270225848 0.030815972884496053
0 0.06481481381984944 0.015407986442248027 0.027777779270225848 0.030815972884496053
0 0.0740740780539356 0.015407986442248027 0.027777783747570055 0.030815972884496053
0 0.08333333333333333 0.015407986442248027 0.027777779270225848 0.030815972884496053
0 0.09259259756741949 0.015407986442248027 0.027777783747570055 0.030815972884496053
0 0.10185186180150566 0.015407986442248027 0.02777777479288164 0.030815972884496053
0 0.11111111708090339 0.015407986442248027 0.027777783747570055 0.030815972884496053
0 0.12037037236030113 0.015407986442248027 0.02777777479288164 0.030815972884496053
0 0.12962963659438728 0.015407986442248027 0.027777783747570055 0.030815972884496053
0 0.13888890082847344 0.015407986442248027 0.02777777479288164 0.030815972884496053
0 0.1481481561078712 0.015407986442248027 0.02777777479288164 0.030815972884496053
0 0.15740741138726894 0.015407986442248027 0.04629630326105395 0.030815972884496053
0 0.1759259219460644 0.00719039390484492 0.027777783747570055 0.01438078780968984
0 0.18518519513483897 0.015407986442248027 0.027777765838193223 0.030815972884496053
0 0.19444446832361356 0.015407986442248027 0.027777783747570055 0.030815972884496053
0 0.1990740780539356 0.015407986442248027 0.0370370390269678 0.030815972884496053
0 0.20833333333333334 0.015407986442248027 0.0370370390269678 0.030815972884496053
0 0.24537039026967797 0.00719039390484492 0.12962964554907572 0.01438078780968984
0 0.23148148944120453 0.015407986442248027 0.08333333333333333 0.030815972884496053
0 0.2500000179093768 0.015407986442248027 0.08333333333333333 0.030815972884496053
0 0.25925929109815143 0.00719039390484492 0.08333335124271017 0.01438078780968984
0 0.26388890082847344 0.00719039390484492 0.05555556749514011 0.01438078780968984
0 0.28240741138726894 0.00719039390484492 0.0925926065221079 0.01438078780968984
0 0.28240742929664575 0.00719039390484492 0.05555556749514011 0.01438078780968984
0 0.2916666845760435 0.00719039390484492 0.05555556749514011 0.01438078780968984
0 0.3055555674951401 0.015407986442248027 0.04629629430636554 0.030815972884496053
0 0.32407411387268925 0.015407986442248027 0.027777765838193223 0.030815972884496053
0 0.3333333333333333 0.015407986442248027 0.027777765838193223 0.030815972884496053
0 0.34259262443148475 0.015407986442248027 0.0462962763969887 0.030815972884496053
0 0.34259262443148475 0.015407986442248027 0.06481482277453786 0.030815972884496053
0 0.3564814894412045 0.015407986442248027 0.05555556749514011 0.030815972884496053
0 0.3796296455490757 0.00719039390484492 0.04629631221574237 0.01438078780968984
0 0.3935185463775491 0.00719039390484492 0.03703702111759096 0.01438078780968984
0 0.4166666666666667 0.015407986442248027 0.027777765838193223 0.030815972884496053
0 0.42592595776481806 0.015407986442248027 0.027777765838193223 0.030815972884496053
0 0.4305555674951401 0.015407986442248027 0.03703702111759096 0.030815972884496053
0 0.44444446832361356 0.015407986442248027 0.06481482277453786 0.030815972884496053
0 0.44907411387268925 0.015407986442248027 0.05555556749514011 0.030815972884496053
0 0.4583333333333333 0.00719039390484492 0.05555556749514011 0.01438078780968984
0 0.47222223416180675 0.00719039390484492 0.04629631221574237 0.01438078780968984
0 0.49074078053935594 0.00719039390484492 0.027777765838193223 0.01438078780968984
0 0.4814814894412045 0.00719039390484492 0.06481482277453786 0.01438078780968984
0 0.49074078053935594 0.015407986442248027 0.06481478695578419 0.030815972884496053
0 0.5231481561078711 0.015407986442248027 0.03703705693634463 0.030815972884496053
0 0.5324074472060226 0.04006076653798421 0.03703705693634463 0.08012153307596842
0 0.5324074472060226 0.00719039390484492 0.05555556749514011 0.01438078780968984
0 0.5462963122157424 0.015407986442248027 0.04629631221574237 0.030815972884496053
0 0.5601852130442159 0.015407986442248027 0.03703702111759096 0.030815972884496053
0 0.5740741138726893 0.015407986442248027 0.027777765838193223 0.030815972884496053
0 0.5833333333333334 0.015407986442248027 0.027777765838193223 0.030815972884496053
0 0.5925926244314847 0.015407986442248027 0.027777765838193223 0.030815972884496053
0 0.6018519155296361 0.015407986442248027 0.02777780165694689 0.030815972884496053
0 0.6111111349902802 0.015407986442248027 0.027777765838193223 0.030815972884496053
0 0.6203703544509243 0.015407986442248027 0.02777780165694689 0.030815972884496053
0 0.6342592910981514 0.00719039390484492 0.03703702111759096 0.01438078780968984
0 0.6435185821963029 0.04006076653798421 0.0370370927550983 0.08012153307596842
0 0.6481481561078711 0.00719039390484492 0.04629631221574237 0.01438078780968984
0 0.6574074472060226 0.00719039390484492 0.04629631221574237 0.01438078780968984
0 0.6666666666666666 0.00719039390484492 0.04629624057823504 0.01438078780968984
0 0.712962978882409 0.00719039390484492 0.1203703544509243 0.01438078780968984
0 0.7083333333333334 0.015407986442248027 0.12962957391156837 0.030815972884496053
0 0.703703759421765 0.00719039390484492 0.08333333333333333 0.01438078780968984
0 0.712962978882409 0.015407986442248027 0.08333333333333333 0.030815972884496053
0 0.7175926244314847 0.015407986442248027 0.05555560331389378 0.030815972884496053
0 0.7268519155296361 0.015407986442248027 0.055555531676386445 0.030815972884496053
0 0.7407407805393559 0.00719039390484492 0.04629631221574237 0.01438078780968984
0 0.7592592910981514 0.00719039390484492 0.027777730019439555 0.01438078780968984
0 0.75 0.00719039390484492 0.06481482277453786 0.01438078780968984
0 0.7777778732944542 0.00719039390484492 0.06481482277453786 0.01438078780968984
0 0.7962963122157424 0.00719039390484492 0.08333333333333333 0.01438078780968984
0 0.8101852488629695 0.015407986442248027 0.07407411387268927 0.030815972884496053
0 0.8101852488629695 0.00719039390484492 0.055555531676386445 0.01438078780968984
0 0.8194445399611209 0.00719039390484492 0.055555531676386445 0.01438078780968984
0 0.8287036877842576 0.00719039390484492 0.055555531676386445 0.01438078780968984
0 0.8518519155296361 0.00719039390484492 0.02777780165694689 0.01438078780968984
0 0.8611111349902802 0.00719039390484492 0.04629631221574237 0.01438078780968984
0 0.875 0.00719039390484492 0.055555531676386445 0.01438078780968984
0 0.8888889366472271 0.00719039390484492 0.04629631221574237 0.01438078780968984
0 0.9027778016569469 0.00719039390484492 0.03703702111759096 0.01438078780968984
0 0.9120370927550983 0.04006076653798421 0.03703702111759096 0.08012153307596842
0 0.9212963122157424 0.04006076653798421 0.0370370927550983 0.08012153307596842
0 0.9351852488629695 0.04006076653798421 0.02777780165694689 0.08012153307596842
0 0.9351852488629695 0.00719039390484492 0.04629631221574237 0.01438078780968984
0 0.9490741138726893 0.00719039390484492 0.03703702111759096 0.01438078780968984
0 0.9583334049708406 0.00719039390484492 0.03703702111759096 0.01438078780968984
0 0.9722222699805605 0.00719039390484492 0.027777730019439555 0.01438078780968984
0 0.9768519155296361 0.00719039390484492 0.03703702111759096 0.01438078780968984
0 0.9791666666666666 0.0 0.04166659502915933 0.0
0 0.027777779270225848 0.023625580469767253 0.027777777031553742 0.047251160939534506
0 0.1481481561078712 0.015407986442248027 0.02777777479288164 0.030815972884496053
0 0.15740741138726894 0.015407986442248027 0.027777783747570055 0.030815972884496053
0 0.17129631221574237 0.015407986442248027 0.0370370390269678 0.030815972884496053
0 0.18055556749514012 0.015407986442248027 0.0370370390269678 0.030815972884496053
0 0.2037037236030113 0.015407986442248027 0.027777783747570055 0.030815972884496053
0 0.21296297888240903 0.015407986442248027 0.027777783747570055 0.030815972884496053
0 0.21296297888240903 0.015407986442248027 0.06481482277453786 0.030815972884496053
0 0.23148148944120453 0.015407986442248027 0.06481482277453786 0.030815972884496053
0 0.24537039026967797 0.015407986442248027 0.0740740780539356 0.030815972884496053
0 0.2731481561078712 0.015407986442248027 0.0370370390269678 0.030815972884496053
0 0.2777778016569469 0.00719039390484492 0.027777783747570055 0.01438078780968984
0 0.2870370569363446 0.015407986442248027 0.02777780165694689 0.030815972884496053
0 0.2962963122157424 0.015407986442248027 0.027777783747570055 0.030815972884496053
0 0.3055555674951401 0.00719039390484492 0.027777783747570055 0.01438078780968984
0 0.3148148227745379 0.00719039390484492 0.027777765838193223 0.01438078780968984
0 0.32407411387268925 0.00719039390484492 0.027777765838193223 0.01438078780968984
0 0.3287037236030113 0.015407986442248027 0.03703702111759096 0.030815972884496053
0 0.34259262443148475 0.00719039390484492 0.027777765838193223 0.01438078780968984
0 0.34722223416180675 0.015407986442248027 0.03703702111759096 0.030815972884496053
0 0.3564814894412045 0.015407986442248027 0.03703705693634463 0.030815972884496053
0 0.37037039026967794 0.015407986442248027 0.02777780165694689 0.030815972884496053
0 0.3796296455490757 0.015407986442248027 0.02777780165694689 0.030815972884496053
0 0.3888889366472271 0.015407986442248027 0.027777765838193223 0.030815972884496053
0 0.4074074472060226 0.00719039390484492 0.027777765838193223 0.01438078780968984
0 0.4120370569363446 0.015407986442248027 0.03703702111759096 0.030815972884496053
0 0.42592595776481806 0.015407986442248027 0.027777765838193223 0.030815972884496053
0 0.4398148227745379 0.023625580469767253 0.05555556749514011 0.047251160939534506
0 0.4583333333333333 0.015407986442248027 0.03703705693634463 0.030815972884496053
0 0.47222226998056044 0.015407986442248027 0.027777765838193223 0.030815972884496053
0 0.4814814894412045 0.00719039390484492 0.027777765838193223 0.01438078780968984
0 0.49074078053935594 0.00719039390484492 0.027777765838193223 0.01438078780968984
0 0.5 0.00719039390484492 0.027777765838193223 0.01438078780968984
0 0.5092592910981514 0.00719039390484492 0.027777765838193223 0.01438078780968984
0 0.5185185463775491 0.00719039390484492 0.02777780165694689 0.01438078780968984
0 0.5277778016569469 0.00719039390484492 0.02777780165694689 0.01438078780968984
0 0.5370370569363446 0.00719039390484492 0.02777780165694689 0.01438078780968984
0 0.5462963122157424 0.00719039390484492 0.027777765838193223 0.01438078780968984
0 0.5555556033138938 0.00719039390484492 0.027777765838193223 0.01438078780968984
0 0.5648148227745379 0.015407986442248027 0.027777765838193223 0.030815972884496053
0 0.5740741138726893 0.015407986442248027 0.027777765838193223 0.030815972884496053
0 0.5833333333333334 0.015407986442248027 0.027777765838193223 0.030815972884496053
0 0.5925926244314847 0.015407986442248027 0.027777765838193223 0.030815972884496053
0 0.6018519155296361 0.015407986442248027 0.02777780165694689 0.030815972884496053
0 0.6111111349902802 0.015407986442248027 0.027777765838193223 0.030815972884496053
0 0.6296296455490757 0.015407986442248027 0.02777780165694689 0.030815972884496053
0 0.6388889366472271 0.015407986442248027 0.02777780165694689 0.030815972884496053
0 0.6481482277453785 0.015407986442248027 0.02777780165694689 0.030815972884496053
0 0.6574074472060226 0.015407986442248027 0.027777730019439555 0.030815972884496053
0 0.6666666666666666 0.015407986442248027 0.02777780165694689 0.030815972884496053
0 0.6759259577648181 0.015407986442248027 0.027777730019439555 0.030815972884496053
0 0.6851852488629695 0.015407986442248027 0.02777780165694689 0.030815972884496053
0 0.7314814894412045 0.015407986442248027 0.08333333333333333 0.030815972884496053
0 0.7083333333333334 0.015407986442248027 0.0370370927550983 0.030815972884496053
0 0.7175926244314847 0.015407986442248027 0.03703702111759096 0.030815972884496053
0 0.7407407805393559 0.015407986442248027 0.027777730019439555 0.030815972884496053
0 0.7638889366472271 0.015407986442248027 0.01851851055879548 0.030815972884496053
0 0.7685185821963029 0.015407986442248027 0.02777780165694689 0.030815972884496053
0 0.7824074472060226 0.015407986442248027 0.03703702111759096 0.030815972884496053
0 0.7916666666666666 0.015407986442248027 0.01851851055879548 0.030815972884496053
0 0.7962963122157424 0.00719039390484492 0.02777780165694689 0.01438078780968984
0 0.8148148944120452 0.015407986442248027 0.02777780165694689 0.030815972884496053
0 0.828703759421765 0.015407986442248027 0.03703702111759096 0.030815972884496053
0 0.837962978882409 0.015407986442248027 0.01851851055879548 0.030815972884496053
0 0.8472222699805605 0.015407986442248027 0.03703702111759096 0.030815972884496053
0 0.8564815610787119 0.015407986442248027 0.0370370927550983 0.030815972884496053
0 0.8703703544509243 0.015407986442248027 0.02777780165694689 0.030815972884496053
0 0.8796296455490757 0.015407986442248027 0.02777780165694689 0.030815972884496053
0 0.8888889366472271 0.015407986442248027 0.027777730019439555 0.030815972884496053
0 0.8981482277453785 0.015407986442248027 0.02777780165694689 0.030815972884496053
0 0.9074074472060226 0.015407986442248027 0.027777730019439555 0.030815972884496053
0 0.9166666666666666 0.015407986442248027 0.02777780165694689 0.030815972884496053
0 0.9351852488629695 0.015407986442248027 0.02777780165694689 0.030815972884496053
0 0.9444445399611209 0.015407986442248027 0.02777780165694689 0.030815972884496053
0 0.953703759421765 0.015407986442248027 0.027777730019439555 0.030815972884496053
0 0.9768519155296361 0.015407986442248027 0.03703702111759096 0.030815972884496053
0 0.9699074472060226 0.00719039390484492 0.06018510558795481 0.01438078780968984
0 0.03472222296844626 0.023625580469767253 0.06944444593689252 0.047251160939534506
0 0.02314814715318277 0.04006076653798421 0.037037036788295695 0.08012153307596842
0 0.04629629878370974 0.056495952606201175 0.04629629430636554 0.11299190521240235
0 0.055555558540451695 0.056495952606201175 0.04629629430636554 0.11299190521240235
0 0.0740740780539356 0.04827835957209269 0.04629629878370974 0.09655671914418539
0 0.08333333333333333 0.04827835957209269 0.04629630326105395 0.09655671914418539
0 0.09259259756741949 0.04827835957209269 0.04629629878370974 0.09655671914418539
0 0.10185186180150566 0.06471354564030965 0.04629630326105395 0.1294270912806193
0 0.11111111708090339 0.06471354564030965 0.04629629430636554 0.1294270912806193
0 0.12037037236030113 0.06471354564030965 0.04629630326105395 0.1294270912806193
0 0.12962963659438728 0.04827835957209269 0.04629629430636554 0.09655671914418539
0 0.13888889187378503 0.04827835957209269 0.04629629430636554 0.09655671914418539
0 0.15277778374757006 0.04827835957209269 0.055555558540451695 0.09655671914418539
0 0.17129631221574237 0.04827835957209269 0.07407408700862401 0.09655671914418539
0 0.1759259219460644 0.04827835957209269 0.04629629430636554 0.09655671914418539
0 0.18518519513483897 0.04827835957209269 0.04629631221574237 0.09655671914418539
0 0.19444446832361356 0.015407986442248027 0.04629629430636554 0.030815972884496053
0 0.2546296455490757 0.04006076653798421 0.12962964554907572 0.08012153307596842
0 0.26388890082847344 0.023625580469767253 0.1481481561078712 0.047251160939534506
0 0.2546296455490757 0.023625580469767253 0.0925926065221079 0.047251160939534506
0 0.28240742929664575 0.015407986442248027 0.03703705693634463 0.030815972884496053
0 0.28240742929664575 0.023625580469767253 0.03703705693634463 0.047251160939534506
0 0.2962963122157424 0.023625580469767253 0.04629631221574237 0.047251160939534506
0 0.3055555674951401 0.015407986442248027 0.04629629430636554 0.030815972884496053
0 0.3148148227745379 0.015407986442248027 0.04629629430636554 0.030815972884496053
0 0.33796297888240906 0.015407986442248027 0.03703702111759096 0.030815972884496053
0 0.3518518797108825 0.04006076653798421 0.04629631221574237 0.08012153307596842
0 0.36111113499028025 0.04006076653798421 0.04629631221574237 0.08012153307596842
0 0.37037039026967794 0.04006076653798421 0.04629631221574237 0.08012153307596842
0 0.3796296455490757 0.04006076653798421 0.04629631221574237 0.08012153307596842
0 0.3935185105587955 0.04006076653798421 0.05555556749514011 0.08012153307596842
0 0.4027778016569469 0.015407986442248027 0.03703702111759096 0.030815972884496053
0 0.4120370569363446 0.04827835957209269 0.03703702111759096 0.09655671914418539
0 0.4212963122157424 0.015407986442248027 0.03703702111759096 0.030815972884496053
0 0.4305555674951401 0.023625580469767253 0.03703702111759096 0.047251160939534506
0 0.4537037236030113 0.023625580469767253 0.04629631221574237 0.047251160939534506
0 0.46296297888240906 0.023625580469767253 0.04629631221574237 0.047251160939534506
0 0.47222223416180675 0.04827835957209269 0.04629631221574237 0.09655671914418539
0 0.4768518797108825 0.023625580469767253 0.03703702111759096 0.047251160939534506
0 0.49537039026967794 0.023625580469767253 0.03703702111759096 0.047251160939534506
0 0.5 0.015407986442248027 0.0462962763969887 0.030815972884496053
0 0.5138889366472271 0.015407986442248027 0.03703705693634463 0.030815972884496053
0 0.5185185463775491 0.015407986442248027 0.04629631221574237 0.030815972884496053
0 0.5324074472060226 0.015407986442248027 0.03703705693634463 0.030815972884496053
0 0.5416666666666666 0.056495952606201175 0.03703705693634463 0.11299190521240235
0 0.5555556033138938 0.06471354564030965 0.0462962763969887 0.1294270912806193
0 0.5648148227745379 0.056495952606201175 0.0462962763969887 0.11299190521240235
0 0.5740741138726893 0.056495952606201175 0.0462962763969887 0.11299190521240235
0 0.5833333333333334 0.06471354564030965 0.0462962763969887 0.1294270912806193
0 0.5925926244314847 0.056495952606201175 0.04629631221574237 0.11299190521240235
0 0.6157407805393559 0.023625580469767253 0.03703705693634463 0.047251160939534506
0 0.6296296455490757 0.023625580469767253 0.04629631221574237 0.047251160939534506
0 0.6388889366472271 0.023625580469767253 0.04629631221574237 0.047251160939534506
0 0.6527778016569469 0.023625580469767253 0.03703702111759096 0.047251160939534506
0 0.6666666666666666 0.023625580469767253 0.04629624057823504 0.047251160939534506
0 0.7175926244314847 0.023625580469767253 0.12962964554907572 0.047251160939534506
0 0.7222222699805605 0.023625580469767253 0.04629631221574237 0.047251160939534506
0 0.7314815610787119 0.023625580469767253 0.02777780165694689 0.047251160939534506
0 0.7361111349902802 0.015407986442248027 0.03703702111759096 0.030815972884496053
0 0.75 0.015407986442248027 0.02777780165694689 0.030815972884496053
0 0.7546296455490757 0.023625580469767253 0.03703702111759096 0.047251160939534506
0 0.8009259577648181 0.023625580469767253 0.11111106335277289 0.047251160939534506
0 0.8240741138726893 0.023625580469767253 0.10185191552963616 0.047251160939534506
0 0.8472222699805605 0.023625580469767253 0.09259262443148474 0.047251160939534506
0 0.8425926244314847 0.023625580469767253 0.027777730019439555 0.047251160939534506
0 0.8611111349902802 0.023625580469767253 0.04629631221574237 0.047251160939534506
0 0.8703704260884316 0.023625580469767253 0.04629631221574237 0.047251160939534506
0 0.8796296455490757 0.015407986442248027 0.04629631221574237 0.030815972884496053
0 0.8888889366472271 0.015407986442248027 0.04629631221574237 0.030815972884496053
0 0.8981482277453785 0.015407986442248027 0.04629624057823504 0.030815972884496053
0 0.9074074472060226 0.015407986442248027 0.04629631221574237 0.030815972884496053
0 0.916666738304174 0.04827835957209269 0.04629631221574237 0.09655671914418539
0 0.9305556033138938 0.06471354564030965 0.03703702111759096 0.1294270912806193
0 0.9444444683236135 0.04827835957209269 0.04629631221574237 0.09655671914418539
0 0.953703759421765 0.056495952606201175 0.04629631221574237 0.11299190521240235
0 0.9583334049708406 0.04827835957209269 0.03703702111759096 0.09655671914418539
0 0.9675926244314847 0.04827835957209269 0.03703702111759096 0.09655671914418539
0 0.9768519155296361 0.04827835957209269 0.03703702111759096 0.09655671914418539
0 0.020833333333333332 0.031843173503875735 0.041666666666666664 0.06368634700775147
0 0.027777779270225848 0.031843173503875735 0.027777777031553742 0.06368634700775147
0 0.03240740690992472 0.031843173503875735 0.037037036788295695 0.06368634700775147
0 0.03240740690992472 0.031843173503875735 0.037037036788295695 0.06368634700775147
0 0.04629629878370974 0.031843173503875735 0.04629629430636554 0.06368634700775147
0 0.06018519065749477 0.06471354564030965 0.055555558540451695 0.1294270912806193
0 0.06018518618015056 0.031843173503875735 0.0370370390269678 0.06368634700775147
0 0.06944445041423672 0.031843173503875735 0.03703704350431201 0.06368634700775147
0 0.08333333333333333 0.031843173503875735 0.04629630326105395 0.06368634700775147
0 0.09259259756741949 0.031843173503875735 0.04629629878370974 0.06368634700775147
0 0.10648148944120452 0.023625580469767253 0.0185185195134839 0.047251160939534506
0 0.12037037236030113 0.138671875 0.04629630326105395 0.27734375
0 0.12962963659438728 0.138671875 0.04629629430636554 0.27734375
0 0.1435185284681723 0.015407986442248027 0.05555556749514011 0.030815972884496053
0 0.1481481561078712 0.04827835957209269 0.04629630326105395 0.09655671914418539
0 0.18055556749514012 0.056495952606201175 0.05555556749514011 0.11299190521240235
0 0.19444446832361356 0.06471354564030965 0.04629629430636554 0.1294270912806193
0 0.2037037236030113 0.06471354564030965 0.04629629430636554 0.1294270912806193
0 0.2500000179093768 0.056495952606201175 0.12037039026967797 0.11299190521240235
0 0.23148148944120453 0.056495952606201175 0.04629629430636554 0.11299190521240235
0 0.24074074472060225 0.031843173503875735 0.027777783747570055 0.06368634700775147
0 0.2685185463775491 0.06368634700775147 0.027777783747570055 0.09861111640930176
0 0.3055555674951401 0.056495952606201175 0.04629629430636554 0.11299190521240235
0 0.3101852130442158 0.07293113867441813 0.05555554958576328 0.14586227734883625
0 0.31944446832361356 0.06471354564030965 0.05555554958576328 0.1294270912806193
0 0.32407411387268925 0.06471354564030965 0.0462962763969887 0.1294270912806193
0 0.3333333333333333 0.138671875 0.0462962763969887 0.27734375
0 0.3518518438921288 0.023625580469767253 0.027777765838193223 0.047251160939534506
0 0.34722223416180675 0.031843173503875735 0.03703702111759096 0.06368634700775147
0 0.3564814894412045 0.06471354564030965 0.05555556749514011 0.1294270912806193
0 0.36574078053935594 0.06471354564030965 0.03703705693634463 0.1294270912806193
0 0.3796296455490757 0.06471354564030965 0.04629631221574237 0.1294270912806193
0 0.3981481561078712 0.06471354564030965 0.0462962763969887 0.1294270912806193
0 0.4074074472060226 0.138671875 0.0462962763969887 0.27734375
0 0.4166666666666667 0.138671875 0.0462962763969887 0.27734375
0 0.4398148227745379 0.138671875 0.03703705693634463 0.27734375
0 0.4537037236030113 0.056495952606201175 0.02777780165694689 0.11299190521240235
0 0.46296297888240906 0.04827835957209269 0.04629631221574237 0.09655671914418539
0 0.47222223416180675 0.06471354564030965 0.04629631221574237 0.1294270912806193
0 0.48611113499028025 0.138671875 0.03703702111759096 0.27734375
0 0.49537039026967794 0.138671875 0.03703702111759096 0.27734375
0 0.5046296455490757 0.138671875 0.03703702111759096 0.27734375
0 0.5138889366472271 0.138671875 0.03703705693634463 0.27734375
0 0.5231481561078711 0.138671875 0.03703705693634463 0.27734375
0 0.5324074472060226 0.138671875 0.03703705693634463 0.27734375
0 0.5416666666666666 0.138671875 0.03703705693634463 0.27734375
0 0.5555556033138938 0.138671875 0.0462962763969887 0.27734375
0 0.5648148227745379 0.138671875 0.0462962763969887 0.27734375
0 0.5740741138726893 0.138671875 0.0462962763969887 0.27734375
