0 0.02083333283662796 0.0189393934878436 0.04166666567325592 0.0378787869756872
0 0.04398148059844971 0.02735690095207908 0.08796296119689942 0.05471380190415816
0 0.053240740299224855 0.02735690095207908 0.10648148059844971 0.05471380190415816
0 0.07407407164573669 0.02735690095207908 0.10185185670852662 0.05471380190415816
0 0.07407407164573669 0.02735690095207908 0.12037037611007691 0.05471380190415816
0 0.11111111640930176 0.02735690095207908 0.10185185670852662 0.05471380190415816
0 0.12962963581085205 0.02735690095207908 0.10185185670852662 0.05471380190415816
0 0.13888888359069823 0.035774409770965576 0.10185184478759765 0.07154881954193115
0 0.15740740299224854 0.044191918589852074 0.10185184478759765 0.08838383717970415
0 0.16666667461395263 0.02735690095207908 0.10185185670852662 0.05471380190415816
0 0.18981480598449707 0.02735690095207908 0.1111111044883728 0.05471380190415816
0 0.20833334922790528 0.02735690095207908 0.09259259700775146 0.05471380190415816
0 0.22685184478759765 0.02735690095207908 0.09259259700775146 0.05471380190415816
0 0.2222222328186035 0.02735690095207908 0.06481482982635497 0.05471380190415816
0 0.25 0.02735690095207908 0.06481480598449707 0.05471380190415816
0 0.2685185194015503 0.02735690095207908 0.06481480598449707 0.05471380190415816
0 0.29166665077209475 0.05260942740873857 0.05555555820465088 0.10521885481747714
0 0.28240740299224854 0.02735690095207908 0.09259257316589356 0.05471380190415816
0 0.32407407760620116 0.02735690095207908 0.12037036418914795 0.05471380190415816
0 0.3518518447875977 0.02735690095207908 0.12037038803100586 0.05471380190415816
0 0.34259257316589353 0.02735690095207908 0.08333332538604736 0.05471380190415816
0 0.36111111640930177 0.02735690095207908 0.08333332538604736 0.05471380190415816
0 0.3796296358108521 0.02735690095207908 0.08333334922790528 0.05471380190415816
0 0.3981481552124023 0.02735690095207908 0.08333332538604736 0.05471380190415816
0 0.4074073791503906 0.02735690095207908 0.08333334922790528 0.05471380190415816
0 0.41666665077209475 0.02735690095207908 0.08333330154418946 0.05471380190415816
0 0.43518519401550293 0.02735690095207908 0.08333332538604736 0.05471380190415816
0 0.44907407760620116 0.02735690095207908 0.07407407760620117 0.05471380190415816
0 0.4629629135131836 0.02735690095207908 0.06481480598449707 0.05471380190415816
0 0.4814814567565918 0.02735690095207908 0.06481480598449707 0.05471380190415816
0 0.48611111640930177 0.02735690095207908 0.07407407760620117 0.05471380190415816
0 0.5 0.02735690095207908 0.06481480598449707 0.05471380190415816
0 0.5231481552124023 0.02735690095207908 0.05555558204650879 0.05471380190415816
0 0.5277777671813965 0.02735690095207908 0.0648148536682129 0.05471380190415816
0 0.5509259223937988 0.02735690095207908 0.055555534362792966 0.05471380190415816
0 0.5648148059844971 0.02735690095207908 0.046296310424804685 0.05471380190415816
0 0.5740740776062012 0.02735690095207908 0.046296310424804685 0.05471380190415816
0 0.5925926208496094 0.02735690095207908 0.06481480598449707 0.05471380190415816
0 0.611111068725586 0.02735690095207908 0.06481480598449707 0.05471380190415816
0 0.625 0.02735690095207908 0.055555534362792966 0.05471380190415816
0 0.6388888359069824 0.02735690095207908 0.06481480598449707 0.05471380190415816
0 0.6527777671813965 0.02735690095207908 0.055555534362792966 0.05471380190415816
0 0.6666666507720947 0.02735690095207908 0.046296310424804685 0.05471380190415816
0 0.6759259223937988 0.02735690095207908 0.046296310424804685 0.05471380190415816
0 0.6898148059844971 0.02735690095207908 0.055555534362792966 0.05471380190415816
0 0.7037036895751954 0.02735690095207908 0.046296310424804685 0.05471380190415816
0 0.7175925731658935 0.02735690095207908 0.055555534362792966 0.05471380190415816
0 0.7314814567565918 0.02735690095207908 0.06481480598449707 0.05471380190415816
0 0.75 0.0189393934878436 0.06481480598449707 0.0378787869756872
0 0.7638888835906983 0.0189393934878436 0.07407407760620117 0.0378787869756872
0 0.7824073791503906 0.02735690095207908 0.055555534362792966 0.05471380190415816
0 0.8009259223937988 0.02735690095207908 0.055555534362792966 0.05471380190415816
0 0.8194444656372071 0.02735690095207908 0.05555558204650879 0.05471380190415816
0 0.8333333015441895 0.02735690095207908 0.046296310424804685 0.05471380190415816
0 0.8379629135131836 0.02735690095207908 0.055555534362792966 0.05471380190415816
0 0.861111068725586 0.0189393934878436 0.046296310424804685 0.0378787869756872
0 0.8657407760620117 0.02735690095207908 0.05555562973022461 0.05471380190415816
0 0.8796296119689941 0.02735690095207908 0.06481475830078125 0.05471380190415816
0 0.9027777671813965 0.02735690095207908 0.11111106872558593 0.05471380190415816
0 0.8935184478759766 0.02735690095207908 0.05555562973022461 0.05471380190415816
0 0.9027777671813965 0.02735690095207908 0.037037086486816403 0.05471380190415816
0 0.9166666030883789 0.02735690095207908 0.046296215057373045 0.05471380190415816
0 0.9259259223937988 0.02735690095207908 0.046296310424804685 0.05471380190415816
0 0.9351851463317871 0.02735690095207908 0.046296310424804685 0.05471380190415816
0 0.9444444656372071 0.02735690095207908 0.046296310424804685 0.05471380190415816
0 0.9583333015441895 0.02735690095207908 0.055555534362792966 0.05471380190415816
0 0.9722222328186035 0.02735690095207908 0.046296310424804685 0.05471380190415816
0 0.9791666030883789 0.02735690095207908 0.041666698455810544 0.05471380190415816
0 0.011574073880910873 0.02735690095207908 0.023148147761821745 0.05471380190415816
0 0.0277777761220932 0.035774409770965576 0.046296292543411256 0.07154881954193115
0 0.03240740597248078 0.04629629308527166 0.03703703284263611 0.0841750827702609
0 0.0555555522441864 0.04629629308527166 0.06481481194496155 0.0841750827702609
0 0.07407407164573669 0.04629629308527166 0.06481481790542602 0.0841750827702609
0 0.07870370149612427 0.04629629308527166 0.03703703880310059 0.0841750827702609
0 0.08796296119689942 0.04629629308527166 0.03703703880310059 0.0841750827702609
0 0.09722222089767456 0.04629629308527166 0.03703703880310059 0.0841750827702609
0 0.10648148059844971 0.04629629308527166 0.03703703880310059 0.0841750827702609
0 0.11574074029922485 0.04629629308527166 0.03703703880310059 0.0841750827702609
0 0.125 0.04629629308527166 0.03703703880310059 0.0841750827702609
0 0.13425925970077515 0.04629629308527166 0.03703703880310059 0.0841750827702609
0 0.1435185194015503 0.04629629308527166 0.03703703880310059 0.0841750827702609
0 0.15277777910232543 0.04629629308527166 0.03703703880310059 0.0841750827702609
0 0.16203703880310058 0.04629629308527166 0.03703703880310059 0.0841750827702609
0 0.17129628658294677 0.04629629308527166 0.03703702688217163 0.0841750827702609
0 0.18055555820465088 0.04629629308527166 0.03703702688217163 0.0841750827702609
0 0.18981480598449707 0.04629629308527166 0.03703702688217163 0.0841750827702609
0 0.19907407760620116 0.0378787869756872 0.03703703880310059 0.0673400651324879
0 0.20833332538604737 0.0378787869756872 0.03703703880310059 0.0673400651324879
0 0.22685184478759765 0.0378787869756872 0.03703703880310059 0.0673400651324879
0 0.2314814805984497 0.04629629308527166 0.046296310424804685 0.0841750827702609
0 0.25 0.044191918589852074 0.06481480598449707 0.08838383717970415
0 0.26388888359069823 0.044191918589852074 0.055555534362792966 0.08838383717970415
0 0.28240740299224854 0.044191918589852074 0.055555534362792966 0.08838383717970415
0 0.2962963104248047 0.035774409770965576 0.04629628658294678 0.07154881954193115
0 0.31018519401550293 0.035774409770965576 0.05555555820465088 0.07154881954193115
0 0.33333334922790525 0.035774409770965576 0.12037036418914795 0.07154881954193115
0 0.34259257316589353 0.044191918589852074 0.10185186862945557 0.08838383717970415
0 0.37037038803100586 0.04629629308527166 0.10185186862945557 0.0841750827702609
0 0.3564814567565918 0.04629629308527166 0.05555555820465088 0.0841750827702609
0 0.36111111640930177 0.05260942740873857 0.06481482982635497 0.10521885481747714
0 0.38888888359069823 0.05260942740873857 0.046296310424804685 0.10521885481747714
0 0.40277776718139646 0.0378787869756872 0.055555534362792966 0.0673400651324879
0 0.4120370388031006 0.035774409770965576 0.05555555820465088 0.07154881954193115
0 0.42592592239379884 0.05260942740873857 0.06481478214263917 0.10521885481747714
0 0.444444465637207 0.05260942740873857 0.06481480598449707 0.10521885481747714
0 0.4537036895751953 0.044191918589852074 0.06481480598449707 0.08838383717970415
0 0.46759257316589353 0.04629629308527166 0.055555534362792966 0.0841750827702609
0 0.48611106872558596 0.0378787869756872 0.05555558204650879 0.0673400651324879
0 0.5046296119689941 0.0378787869756872 0.055555534362792966 0.0673400651324879
0 0.5185185432434082 0.04629629308527166 0.06481480598449707 0.0841750827702609
0 0.5277777671813965 0.05260942740873857 0.0648148536682129 0.10521885481747714
0 0.5416666507720947 0.044191918589852074 0.055555534362792966 0.08838383717970415
0 0.5601851463317871 0.05471380190415816 0.05555558204650879 0.10101010582663796
0 0.5787036895751954 0.05260942740873857 0.055555534362792966 0.10521885481747714
0 0.6018518447875977 0.04629629308527166 0.0648148536682129 0.0841750827702609
0 0.6203703880310059 0.04629629308527166 0.06481480598449707 0.0841750827702609
0 0.6481481552124023 0.029461278156800705 0.06481480598449707 0.05050504749471491
0 0.6712963104248046 0.029461278156800705 0.05555558204650879 0.05050504749471491
0 0.6851851463317871 0.029461278156800705 0.06481480598449707 0.05050504749471491
0 0.7268518447875977 0.029461278156800705 0.055555534362792966 0.05050504749471491
0 0.7407407283782959 0.029461278156800705 0.0648148536682129 0.05050504749471491
0 0.7824073791503906 0.029461278156800705 0.09259257316589356 0.05050504749471491
0 0.8009259223937988 0.029461278156800705 0.09259262084960937 0.05050504749471491
0 0.7870369911193847 0.029461278156800705 0.04629626274108887 0.05050504749471491
0 0.8009259223937988 0.029461278156800705 0.037037086486816403 0.05050504749471491
0 0.8101851463317871 0.029461278156800705 0.03703703880310059 0.05050504749471491
0 0.8194444656372071 0.029461278156800705 0.05555558204650879 0.05050504749471491
0 0.8287036895751954 0.029461278156800705 0.037037086486816403 0.05050504749471491
0 0.8425926208496094 0.04629629308527166 0.0648148536682129 0.0841750827702609
0 0.8564815521240234 0.04629629308527166 0.07407407760620117 0.0841750827702609
0 0.875 0.035774409770965576 0.07407407760620117 0.07154881954193115
0 0.8981481552124023 0.029461278156800705 0.046296310424804685 0.05050504749471491
0 0.9074073791503906 0.0378787869756872 0.046296310424804685 0.0673400651324879
0 0.9166666030883789 0.0378787869756872 0.046296215057373045 0.0673400651324879
0 0.9305555343627929 0.035774409770965576 0.037037086486816403 0.07154881954193115
0 0.9583333015441895 0.05260942740873857 0.055555534362792966 0.10521885481747714
0 0.9675926208496094 0.044191918589852074 0.05555562973022461 0.08838383717970415
0 0.9768518447875977 0.04629629308527166 0.037037086486816403 0.0841750827702609
0 0.9791666030883789 0.0378787869756872 0.041666698455810544 0.0673400651324879
0 0.011574073880910873 0.05471380190415816 0.023148147761821745 0.10101010582663796
0 0.02083333283662796 0.05260942740873857 0.04166666567325592 0.10521885481747714
0 0.0277777761220932 0.06313131072304466 0.046296292543411256 0.11784512346441095
0 0.04629629552364349 0.06313131072304466 0.06481481194496155 0.0841750827702609
0 0.06481481194496155 0.06313131072304466 0.04629629552364349 0.0841750827702609
0 0.07407407164573669 0.07154881954193115 0.04629629850387573 0.10101010582663796
0 0.08333333134651184 0.06313131072304466 0.04629629850387573 0.0841750827702609
0 0.09259259104728698 0.05471380190415816 0.04629629850387573 0.10101010582663796
0 0.10185184478759765 0.06313131072304466 0.04629629850387573 0.11784512346441095
0 0.11111111640930176 0.06313131072304466 0.04629629850387573 0.11784512346441095
0 0.12037036418914795 0.05471380190415816 0.04629629850387573 0.10101010582663796
0 0.15740740299224854 0.05471380190415816 0.04629629850387573 0.10101010582663796
0 0.17129628658294677 0.06313131072304466 0.055555546283721925 0.11784512346441095
0 0.18055555820465088 0.05471380190415816 0.055555546283721925 0.10101010582663796
0 0.19907407760620116 0.06313131072304466 0.055555546283721925 0.11784512346441095
0 0.21296296119689942 0.06313131072304466 0.046296310424804685 0.11784512346441095
0 0.2222222089767456 0.06313131072304466 0.04629629850387573 0.11784512346441095
0 0.2407407283782959 0.06313131072304466 0.04629628658294678 0.11784512346441095
0 0.25462961196899414 0.06313131072304466 0.05555555820465088 0.11784512346441095
0 0.27777776718139646 0.07154881954193115 0.06481480598449707 0.10101010582663796
0 0.30555555820465086 0.05471380190415816 0.06481480598449707 0.10101010582663796
0 0.32407407760620116 0.05471380190415816 0.04629628658294678 0.10101010582663796
0 0.3472222089767456 0.05471380190415816 0.03703703880310059 0.10101010582663796
0 0.37962961196899414 0.05471380190415816 0.027777791023254395 0.0673400651324879
0 0.3842592477798462 0.06313131072304466 0.03703703880310059 0.0841750827702609
0 0.3935185194015503 0.06313131072304466 0.03703703880310059 0.0841750827702609
0 0.40277776718139646 0.05471380190415816 0.0370370626449585 0.0673400651324879
0 0.4120370388031006 0.04629629308527166 0.037037014961242676 0.05050504749471491
0 0.4212963104248047 0.06313131072304466 0.03703703880310059 0.0841750827702609
0 0.430555534362793 0.06313131072304466 0.03703703880310059 0.0841750827702609
0 0.43981480598449707 0.07154881954193115 0.037036991119384764 0.10101010582663796
0 0.44907407760620116 0.06313131072304466 0.03703703880310059 0.0841750827702609
0 0.45833330154418944 0.07154881954193115 0.03703703880310059 0.10101010582663796
0 0.4768518447875977 0.07154881954193115 0.03703703880310059 0.10101010582663796
0 0.48611106872558596 0.07154881954193115 0.03703703880310059 0.10101010582663796
0 0.4907407283782959 0.06313131072304466 0.046296310424804685 0.11784512346441095
0 0.5046296119689941 0.06313131072304466 0.055555534362792966 0.11784512346441095
0 0.5370369911193847 0.06313131072304466 0.06481480598449707 0.11784512346441095
0 0.5509259223937988 0.06313131072304466 0.055555534362792966 0.11784512346441095
0 0.5787036895751954 0.05260942740873857 0.07407407760620117 0.10521885481747714
0 0.5972222328186035 0.05260942740873857 0.07407407760620117 0.10521885481747714
0 0.6342592239379883 0.0378787869756872 0.07407402992248535 0.0673400651324879
0 0.6481481552124023 0.0378787869756872 0.08333334922790528 0.0673400651324879
0 0.6712963104248046 0.0378787869756872 0.07407402992248535 0.0673400651324879
0 0.7083333015441895 0.0378787869756872 0.12962965965270995 0.0673400651324879
0 0.7314814567565918 0.0378787869756872 0.10185184478759765 0.0673400651324879
0 0.7592592716217041 0.0378787869756872 0.12037038803100586 0.0673400651324879
0 0.7546296119689941 0.0378787869756872 0.07407407760620117 0.0673400651324879
0 0.7731481552124023 0.0378787869756872 0.07407402992248535 0.0673400651324879
0 0.7916666507720947 0.0378787869756872 0.07407407760620117 0.0673400651324879
0 0.8101852416992188 0.0378787869756872 0.07407407760620117 0.0673400651324879
0 0.8287036895751954 0.0378787869756872 0.07407402992248535 0.0673400651324879
0 0.8425926208496094 0.05471380190415816 0.08333330154418946 0.10101010582663796
0 0.8657407760620117 0.06313131072304466 0.07407407760620117 0.0841750827702609
0 0.875 0.05471380190415816 0.07407407760620117 0.10101010582663796
0 0.888888931274414 0.05471380190415816 0.0648148536682129 0.10101010582663796
0 0.9027777671813965 0.06313131072304466 0.055555534362792966 0.11784512346441095
0 0.9212963104248046 0.05471380190415816 0.055555534362792966 0.10101010582663796
0 0.9398147583007812 0.06313131072304466 0.037036991119384764 0.11784512346441095
0 0.9490740776062012 0.06313131072304466 0.055555534362792966 0.11784512346441095
0 0.9722222328186035 0.05471380190415816 0.046296310424804685 0.10101010582663796
0 0.04629629552364349 0.07154881954193115 0.046296292543411256 0.10101010582663796
0 0.0555555522441864 0.07154881954193115 0.04629629552364349 0.10101010582663796
0 0.09259259104728698 0.07996632836081764 0.04629629850387573 0.11784512346441095
0 0.12962963581085205 0.05260942740873857 0.06481481790542602 0.10521885481747714
0 0.1435185194015503 0.05260942740873857 0.05555555820465088 0.10521885481747714
0 0.18981481790542604 0.05260942740873857 0.05555555820465088 0.10521885481747714
0 0.20833334922790528 0.05260942740873857 0.05555555820465088 0.10521885481747714
0 0.22685184478759765 0.05260942740873857 0.05555557012557984 0.10521885481747714
0 0.2870370388031006 0.06313131072304466 0.04629628658294678 0.0841750827702609
0 0.2962963104248047 0.06313131072304466 0.04629628658294678 0.0841750827702609
0 0.31481480598449707 0.07154881954193115 0.046296310424804685 0.06734007055109198
0 0.3333333253860474 0.07154881954193115 0.046296310424804685 0.10101010582663796
0 0.34259257316589353 0.07154881954193115 0.04629628658294678 0.10101010582663796
0 0.3518518447875977 0.06313131072304466 0.046296310424804685 0.0841750827702609
0 0.36111111640930177 0.06313131072304466 0.04629628658294678 0.0841750827702609
0 0.375 0.07154881954193115 0.03703703880310059 0.10101010582663796
0 0.4120370388031006 0.06313131072304466 0.037037014961242676 0.0841750827702609
0 0.4675926208496094 0.06313131072304466 0.03703703880310059 0.0841750827702609
0 0.49537038803100586 0.06313131072304466 0.03703703880310059 0.0841750827702609
0 0.5092592239379883 0.06313131072304466 0.04629626274108887 0.0841750827702609
0 0.5185184955596924 0.07154881954193115 0.046296310424804685 0.10101010582663796
0 0.5277777671813965 0.07154881954193115 0.046296310424804685 0.10101010582663796
0 0.5648148059844971 0.07154881954193115 0.046296310424804685 0.10101010582663796
0 0.5740740776062012 0.07154881954193115 0.046296310424804685 0.10101010582663796
0 0.6203703880310059 0.05260942740873857 0.12037034034729004 0.10521885481747714
0 0.6388888835906983 0.044191918589852074 0.12037038803100586 0.08838383717970415
0 0.6620369911193847 0.044191918589852074 0.11111111640930176 0.08838383717970415
0 0.6712963104248046 0.05471380190415816 0.11111111640930176 0.0673400651324879
0 0.6990740776062012 0.05471380190415816 0.11111111640930176 0.0673400651324879
0 0.7268518447875977 0.05471380190415816 0.11111111640930176 0.0673400651324879
0 0.7407407283782959 0.06313131072304466 0.12037038803100586 0.05050505291331898
0 0.7592592716217041 0.05471380190415816 0.12037038803100586 0.0673400651324879
0 0.7870370388031006 0.05471380190415816 0.12037038803100586 0.0673400651324879
0 0.8148147583007812 0.05471380190415816 0.12037038803100586 0.0673400651324879
0 0.8379629135131836 0.04629629308527166 0.11111116409301758 0.05050504749471491
0 0.8472222328186035 0.05471380190415816 0.11111111640930176 0.0673400651324879
0 0.875 0.05471380190415816 0.11111106872558593 0.0673400651324879
0 0.9120369911193847 0.06313131072304466 0.055555534362792966 0.0841750827702609
0 0.9351851463317871 0.04629629308527166 0.046296310424804685 0.0841750827702609
0 0.9490740776062012 0.044191918589852074 0.055555534362792966 0.08838383717970415
0 0.9791666030883789 0.05471380190415816 0.041666698455810544 0.10101010582663796
0 0.011574073880910873 0.06313131072304466 0.023148147761821745 0.0841750827702609
0 0.01620370298624039 0.06313131072304466 0.03240740597248078 0.11784512346441095
0 0.03240740597248078 0.07996632836081764 0.0555555522441864 0.11784512346441095
0 0.13888888359069823 0.06313131072304466 0.06481481790542602 0.11784512346441095
0 0.15740740299224854 0.06313131072304466 0.06481480598449707 0.11784512346441095
0 0.2731481552124023 0.05471380190415816 0.05555555820465088 0.10101010582663796
0 0.29166665077209475 0.05471380190415816 0.037037014961242676 0.10101010582663796
0 0.31018519401550293 0.07996632836081764 0.05555555820465088 0.08417508818886497
0 0.3564814567565918 0.07154881954193115 0.05555555820465088 0.10101010582663796
0 0.3981481552124023 0.07154881954193115 0.027777791023254395 0.10101010582663796
0 0.4120370388031006 0.06313131072304466 0.05555555820465088 0.0841750827702609
0 0.42592592239379884 0.07154881954193115 0.046296310424804685 0.10101010582663796
0 0.5462963104248046 0.08838383717970415 0.04629626274108887 0.10101010582663796
0 0.5555555343627929 0.08838383717970415 0.046296310424804685 0.10101010582663796
0 0.5833333015441895 0.07996632836081764 0.04629626274108887 0.08417508818886497
0 0.5972222328186035 0.08838383717970415 0.05555558204650879 0.10101010582663796
0 0.6296296119689941 0.08838383717970415 0.10185184478759765 0.10101010582663796
0 0.6527777671813965 0.09680134599859064 0.11111106872558593 0.08417508818886497
0 0.6666666507720947 0.07996632836081764 0.10185184478759765 0.05050505291331898
0 0.6944444179534912 0.07996632836081764 0.10185184478759765 0.05050505291331898
0 0.6990740776062012 0.07154881954193115 0.11111111640930176 0.06734007055109198
0 0.7175925731658935 0.07996632836081764 0.09259262084960937 0.05050505291331898
0 0.7268518447875977 0.07154881954193115 0.09259262084960937 0.06734007055109198
0 0.7546296119689941 0.07154881954193115 0.11111106872558593 0.06734007055109198
0 0.7638888835906983 0.07996632836081764 0.11111116409301758 0.05050505291331898
0 0.7777777671813965 0.07154881954193115 0.10185184478759765 0.06734007055109198
0 0.8009259223937988 0.07154881954193115 0.11111111640930176 0.06734007055109198
0 0.8287036895751954 0.07154881954193115 0.11111106872558593 0.06734007055109198
0 0.8472222328186035 0.07154881954193115 0.09259262084960937 0.06734007055109198
0 0.8657407760620117 0.07154881954193115 0.09259252548217774 0.06734007055109198
0 0.8842592239379883 0.07154881954193115 0.09259262084960937 0.06734007055109198
0 0.9027777671813965 0.05471380190415816 0.09259262084960937 0.10101010582663796
0 0.9259259223937988 0.06313131072304466 0.046296310424804685 0.0841750827702609
0 0.9745370864868164 0.05471380190415816 0.050925922393798825 0.10101010582663796
0 0.9791666030883789 0.07154881954193115 0.041666698455810544 0.06734007055109198
0 0.02083333283662796 0.07996632836081764 0.04166666567325592 0.08417508818886497
0 0.037037035822868346 0.07996632836081764 0.046296292543411256 0.08417508818886497
0 0.06018518209457398 0.08838383717970415 0.05555555820465088 0.10101010582663796
0 0.07407407164573669 0.07996632836081764 0.08333333730697631 0.11784512346441095
0 0.10185184478759765 0.08838383717970415 0.06481481790542602 0.10101010582663796
0 0.11111111640930176 0.09680134599859064 0.06481481790542602 0.08417508818886497
0 0.125 0.09680134599859064 0.07407407760620117 0.08417508818886497
0 0.1435185194015503 0.09680134599859064 0.07407407760620117 0.08417508818886497
0 0.15740740299224854 0.08838383717970415 0.08333332538604736 0.06734007055109198
0 0.17592592239379884 0.08838383717970415 0.06481480598449707 0.06734007055109198
0 0.19444444179534912 0.09680134599859064 0.06481480598449707 0.08417508818886497
0 0.20370371341705323 0.08838383717970415 0.06481481790542602 0.10101010582663796
0 0.21296296119689942 0.08838383717970415 0.06481480598449707 0.06734007055109198
0 0.2222222328186035 0.07996632836081764 0.06481482982635497 0.08417508818886497
0 0.25462961196899414 0.07154881954193115 0.1111111044883728 0.10101010582663796
0 0.2407407283782959 0.07996632836081764 0.06481482982635497 0.08417508818886497
0 0.2731481552124023 0.07996632836081764 0.09259259700775146 0.08417508818886497
0 0.29629628658294677 0.07154881954193115 0.10185184478759765 0.10101010582663796
0 0.2870370388031006 0.07996632836081764 0.04629628658294678 0.08417508818886497
0 0.2962963104248047 0.07996632836081764 0.04629628658294678 0.08417508818886497
0 0.305555534362793 0.08838383717970415 0.04629628658294678 0.06734007055109198
0 0.31481480598449707 0.09680134599859064 0.046296310424804685 0.08417508818886497
0 0.3703703641891479 0.07996632836081764 0.046296310424804685 0.11784512346441095
