0 0.039351850748062134 0.02735690095207908 0.07870370149612427 0.05471380190415816
0 0.04398148059844971 0.02735690095207908 0.08796296119689942 0.05471380190415816
0 0.03472222089767456 0.02735690095207908 0.06944444179534912 0.05471380190415816
0 0.08796296119689942 0.0189393934878436 0.09259259700775146 0.0378787869756872
0 0.07870370149612427 0.0189393934878436 0.03703703880310059 0.0378787869756872
0 0.08333333134651184 0.0189393934878436 0.02777777910232544 0.0378787869756872
0 0.11574074029922485 0.0189393934878436 0.09259259700775146 0.0378787869756872
0 0.11111111640930176 0.0189393934878436 0.06481481790542602 0.0378787869756872
0 0.11111111640930176 0.02735690095207908 0.08333333730697631 0.05471380190415816
0 0.13425925970077515 0.02735690095207908 0.05555555820465088 0.05471380190415816
0 0.1435185194015503 0.02735690095207908 0.05555555820465088 0.05471380190415816
0 0.15740740299224854 0.0189393934878436 0.04629629850387573 0.0378787869756872
0 0.17129628658294677 0.0189393934878436 0.055555546283721925 0.0378787869756872
0 0.19907407760620116 0.02735690095207908 0.09259258508682251 0.05471380190415816
0 0.2037036895751953 0.02735690095207908 0.027777791023254395 0.05471380190415816
0 0.20833332538604737 0.0189393934878436 0.03703703880310059 0.0378787869756872
0 0.21759259700775146 0.0189393934878436 0.03703705072402954 0.0378787869756872
0 0.2407407283782959 0.0189393934878436 0.04629628658294678 0.0378787869756872
0 0.25 0.0189393934878436 0.046296310424804685 0.0378787869756872
0 0.27777776718139646 0.0189393934878436 0.08333332538604736 0.0378787869756872
0 0.2870370388031006 0.0189393934878436 0.08333332538604736 0.0378787869756872
0 0.31481480598449707 0.0189393934878436 0.08333332538604736 0.0378787869756872
0 0.3333333253860474 0.0189393934878436 0.08333334922790528 0.0378787869756872
0 0.34259257316589353 0.0189393934878436 0.04629628658294678 0.0378787869756872
0 0.3518518447875977 0.0189393934878436 0.046296310424804685 0.0378787869756872
0 0.36111111640930177 0.0189393934878436 0.04629628658294678 0.0378787869756872
0 0.375 0.0189393934878436 0.05555555820465088 0.0378787869756872
0 0.40277776718139646 0.0189393934878436 0.09259259700775146 0.0378787869756872
0 0.42592592239379884 0.0189393934878436 0.08333332538604736 0.0378787869756872
0 0.444444465637207 0.0189393934878436 0.08333334922790528 0.0378787869756872
0 0.4629629611968994 0.0189393934878436 0.08333330154418946 0.0378787869756872
0 0.48611106872558596 0.0189393934878436 0.09259257316589356 0.0378787869756872
0 0.5092592239379883 0.0189393934878436 0.08333334922790528 0.0378787869756872
0 0.5 0.0189393934878436 0.046296310424804685 0.0378787869756872
0 0.5277777671813965 0.0189393934878436 0.08333330154418946 0.0378787869756872
0 0.5231481552124023 0.0189393934878436 0.14814815521240235 0.0378787869756872
0 0.5740740776062012 0.0189393934878436 0.08333334922790528 0.0378787869756872
0 0.5925926208496094 0.0189393934878436 0.08333334922790528 0.0378787869756872
0 0.611111068725586 0.0189393934878436 0.08333334922790528 0.0378787869756872
0 0.6111111164093017 0.0189393934878436 0.027777767181396483 0.0378787869756872
0 0.6157407283782959 0.0189393934878436 0.018518543243408202 0.0378787869756872
0 0.625 0.021043770692565224 0.018518543243408202 0.03367003256624395
0 0.6342592239379883 0.021043770692565224 0.018518495559692382 0.03367003256624395
0 0.6574073791503906 0.02735690095207908 0.04629626274108887 0.05471380190415816
0 0.6666666507720947 0.02735690095207908 0.046296310424804685 0.05471380190415816
0 0.6990740776062012 0.02735690095207908 0.09259257316589356 0.05471380190415816
0 0.6805555343627929 0.02735690095207908 0.14814815521240235 0.05471380190415816
0 0.7268518447875977 0.02735690095207908 0.09259262084960937 0.05471380190415816
0 0.7268518447875977 0.02735690095207908 0.14814815521240235 0.05471380190415816
0 0.7546296119689941 0.02735690095207908 0.14814815521240235 0.05471380190415816
0 0.7824073791503906 0.02735690095207908 0.14814815521240235 0.05471380190415816
0 0.8379629135131836 0.0189393934878436 0.11111116409301758 0.0378787869756872
0 0.9560184478759766 0.0189393934878436 0.08796300888061523 0.0378787869756872
0 0.04629629552364349 0.02735690095207908 0.08333333134651184 0.05471380190415816
0 0.06481481194496155 0.02735690095207908 0.08333333134651184 0.05471380190415816
0 0.08333333134651184 0.02735690095207908 0.08333333730697631 0.05471380190415816
0 0.07870370149612427 0.02735690095207908 0.03703703880310059 0.05471380190415816
0 0.08796296119689942 0.010521885346282612 0.03703703880310059 0.021043770692565224
0 0.09722222089767456 0.010521885346282612 0.05555555820465088 0.021043770692565224
0 0.12962963581085205 0.0189393934878436 0.10185185670852662 0.0378787869756872
0 0.13888888359069823 0.0189393934878436 0.08333333730697631 0.0378787869756872
0 0.1435185194015503 0.02735690095207908 0.09259258508682251 0.05471380190415816
0 0.1666666626930237 0.0189393934878436 0.04629628658294678 0.0378787869756872
0 0.18055555820465088 0.02735690095207908 0.055555546283721925 0.05471380190415816
0 0.19444444179534912 0.02735690095207908 0.04629629850387573 0.05471380190415816
0 0.19444444179534912 0.02735690095207908 0.027777767181396483 0.05471380190415816
0 0.20833332538604737 0.02735690095207908 0.03703703880310059 0.05471380190415816
0 0.21759259700775146 0.010521885346282612 0.03703705072402954 0.021043770692565224
0 0.22685184478759765 0.010521885346282612 0.03703703880310059 0.021043770692565224
0 0.2407407283782959 0.010521885346282612 0.04629628658294678 0.021043770692565224
0 0.2731481552124023 0.02735690095207908 0.09259259700775146 0.05471380190415816
0 0.2870370388031006 0.010521885346282612 0.08333332538604736 0.021043770692565224
0 0.305555534362793 0.010521885346282612 0.08333332538604736 0.021043770692565224
0 0.32407407760620116 0.010521885346282612 0.08333332538604736 0.021043770692565224
0 0.34259257316589353 0.010521885346282612 0.08333332538604736 0.021043770692565224
0 0.3333333253860474 0.02735690095207908 0.046296310424804685 0.05471380190415816
0 0.375 0.02735690095207908 0.09259262084960937 0.05471380190415816
0 0.39351849555969237 0.02735690095207908 0.09259259700775146 0.05471380190415816
0 0.41666665077209475 0.02735690095207908 0.08333330154418946 0.05471380190415816
0 0.43518519401550293 0.02735690095207908 0.08333332538604736 0.05471380190415816
0 0.4629629611968994 0.010521885346282612 0.08333330154418946 0.021043770692565224
0 0.4537036895751953 0.010521885346282612 0.046296310424804685 0.021043770692565224
0 0.48611106872558596 0.010521885346282612 0.09259257316589356 0.021043770692565224
0 0.5046296119689941 0.010521885346282612 0.09259262084960937 0.021043770692565224
0 0.6018518447875977 0.010521885346282612 0.08333330154418946 0.021043770692565224
0 0.5925925731658935 0.010521885346282612 0.046296310424804685 0.021043770692565224
0 0.6018518447875977 0.010521885346282612 0.046296310424804685 0.021043770692565224
0 0.6111111164093017 0.010521885346282612 0.027777767181396483 0.021043770692565224
0 0.6203703880310059 0.010521885346282612 0.027777814865112306 0.021043770692565224
0 0.6296296119689941 0.010521885346282612 0.027777767181396483 0.021043770692565224
0 0.6435185432434082 0.0189393934878436 0.03703703880310059 0.0378787869756872
0 0.6898148059844971 0.0189393934878436 0.09259262084960937 0.0378787869756872
0 0.6851851463317871 0.02735690095207908 0.06481480598449707 0.05471380190415816
0 0.6990740776062012 0.02735690095207908 0.05555558204650879 0.05471380190415816
0 0.8240740776062012 0.02735690095207908 0.10185184478759765 0.05471380190415816
0 0.8425926208496094 0.02735690095207908 0.08333330154418946 0.05471380190415816
0 0.861111068725586 0.010521885346282612 0.08333330154418946 0.021043770692565224
0 0.8796296119689941 0.02735690095207908 0.12037029266357421 0.05471380190415816
0 0.9074073791503906 0.02735690095207908 0.10185184478759765 0.05471380190415816
0 0.888888931274414 0.0189393934878436 0.027777767181396483 0.0378787869756872
0 0.9490740776062012 0.0189393934878436 0.09259262084960937 0.0378787869756872
0 0.9467592239379883 0.0189393934878436 0.10648145675659179 0.0378787869756872
0 0.9606481552124023 0.02735690095207908 0.07870368957519532 0.05471380190415816
0 0.9837963104248046 0.02735690095207908 0.032407379150390624 0.05471380190415816
0 0.9745370864868164 0.0189393934878436 0.050925922393798825 0.0378787869756872
0 0.9745370864868164 0.044191918589852074 0.050925922393798825 0.08838383717970415
0 0.039351850748062134 0.035774409770965576 0.07870370149612427 0.07154881954193115
0 0.039351850748062134 0.0378787869756872 0.07870370149612427 0.0673400651324879
0 0.037037035822868346 0.0378787869756872 0.046296292543411256 0.0673400651324879
0 0.050925922393798825 0.029461278156800705 0.037037035822868346 0.05050504749471491
0 0.06018518209457398 0.029461278156800705 0.037037035822868346 0.05050504749471491
0 0.07407407164573669 0.02735690095207908 0.08333333730697631 0.05471380190415816
0 0.125 0.02735690095207908 0.11111111640930176 0.05471380190415816
0 0.13888888359069823 0.029461278156800705 0.10185184478759765 0.05050504749471491
0 0.11574074029922485 0.021043770692565224 0.03703703880310059 0.03367003256624395
0 0.12037036418914795 0.02735690095207908 0.04629629850387573 0.05471380190415816
0 0.14814815521240235 0.02735690095207908 0.06481481790542602 0.05471380190415816
0 0.16203703880310058 0.02735690095207908 0.07407406568527222 0.05471380190415816
0 0.18055555820465088 0.02735690095207908 0.03703702688217163 0.05471380190415816
0 0.21759259700775146 0.0189393934878436 0.07407407760620117 0.0378787869756872
0 0.23611111640930177 0.02735690095207908 0.09259259700775146 0.05471380190415816
0 0.22685184478759765 0.02735690095207908 0.03703703880310059 0.05471380190415816
0 0.29166665077209475 0.02735690095207908 0.09259259700775146 0.05471380190415816
0 0.31944444179534914 0.02735690095207908 0.09259257316589356 0.05471380190415816
0 0.3287036895751953 0.029461278156800705 0.09259259700775146 0.05050504749471491
0 0.31481480598449707 0.02735690095207908 0.027777767181396483 0.05471380190415816
0 0.3981481552124023 0.029461278156800705 0.10185186862945557 0.05050504749471491
0 0.3703703641891479 0.029461278156800705 0.027777767181396483 0.05050504749471491
0 0.37962961196899414 0.02735690095207908 0.027777791023254395 0.05471380190415816
0 0.44907407760620116 0.029461278156800705 0.09259257316589356 0.05050504749471491
0 0.42592592239379884 0.029461278156800705 0.027777767181396483 0.05050504749471491
0 0.43518519401550293 0.029461278156800705 0.027777767181396483 0.05050504749471491
0 0.44907407760620116 0.02735690095207908 0.03703703880310059 0.05471380190415816
0 0.49537038803100586 0.02735690095207908 0.11111111640930176 0.05471380190415816
0 0.5138888835906983 0.02735690095207908 0.09259262084960937 0.05471380190415816
0 0.5231481552124023 0.029461278156800705 0.09259257316589356 0.05050504749471491
0 0.5 0.029461278156800705 0.027777767181396483 0.05050504749471491
0 0.5555555343627929 0.02735690095207908 0.10185184478759765 0.05471380190415816
0 0.5648148059844971 0.029461278156800705 0.10185184478759765 0.05050504749471491
0 0.5787036895751954 0.02735690095207908 0.11111111640930176 0.05471380190415816
0 0.5925925731658935 0.029461278156800705 0.12037038803100586 0.05050504749471491
0 0.6157407283782959 0.02735690095207908 0.07407407760620117 0.05471380190415816
0 0.6296296119689941 0.02735690095207908 0.08333330154418946 0.05471380190415816
0 0.6342592239379883 0.02735690095207908 0.05555558204650879 0.05471380190415816
0 0.6805555343627929 0.02735690095207908 0.11111111640930176 0.05471380190415816
0 0.6851851940155029 0.035774409770965576 0.10185184478759765 0.07154881954193115
0 0.7222222328186035 0.035774409770965576 0.12037034034729004 0.07154881954193115
0 0.7407407283782959 0.035774409770965576 0.12037038803100586 0.07154881954193115
0 0.75 0.0378787869756872 0.12037034034729004 0.0673400651324879
0 0.7592592716217041 0.035774409770965576 0.12037038803100586 0.07154881954193115
0 0.7824073791503906 0.035774409770965576 0.12962965965270995 0.07154881954193115
0 0.7824073791503906 0.035774409770965576 0.074074125289917 0.07154881954193115
0 0.8009259223937988 0.035774409770965576 0.07407402992248535 0.07154881954193115
0 0.8472221374511719 0.0378787869756872 0.037036991119384764 0.0673400651324879
0 0.8564814567565918 0.02735690095207908 0.037037086486816403 0.05471380190415816
0 0.8657407760620117 0.02735690095207908 0.037036991119384764 0.05471380190415816
0 0.875 0.02735690095207908 0.037037086486816403 0.05471380190415816
0 0.8842592239379883 0.02735690095207908 0.037037086486816403 0.05471380190415816
0 0.9027777671813965 0.029461278156800705 0.018518447875976562 0.05050504749471491
0 0.9027777671813965 0.029461278156800705 0.055555534362792966 0.05050504749471491
0 0.9074073791503906 0.0378787869756872 0.06481475830078125 0.0673400651324879
0 0.9490740776062012 0.029461278156800705 0.055555534362792966 0.05050504749471491
0 0.9444444656372071 0.0378787869756872 0.046296310424804685 0.0673400651324879
0 0.9467592239379883 0.0378787869756872 0.10648145675659179 0.0673400651324879
0 0.9444444656372071 0.0378787869756872 0.08333330154418946 0.0673400651324879
0 0.9768518447875977 0.0378787869756872 0.037037086486816403 0.0673400651324879
0 0.9814815521240234 0.029461278156800705 0.027777767181396483 0.05050504749471491
0 0.037037035822868346 0.06313131072304466 0.06481481194496155 0.05050505291331898
0 0.023148146271705628 0.06313131072304466 0.018518517911434173 0.05050505291331898
0 0.03240740597248078 0.07154881954193115 0.018518517911434173 0.06734007055109198
0 0.050925922393798825 0.04629629308527166 0.0555555522441864 0.05050504749471491
0 0.050925922393798825 0.05471380190415816 0.018518516421318056 0.0673400651324879
0 0.0555555522441864 0.0378787869756872 0.0277777761220932 0.03367002985694192
0 0.07407407164573669 0.0378787869756872 0.009259259700775147 0.03367002985694192
0 0.07407407164573669 0.0378787869756872 0.02777777910232544 0.03367002985694192
0 0.08796296119689942 0.0378787869756872 0.03703703880310059 0.03367002985694192
0 0.09722222089767456 0.0378787869756872 0.03703703880310059 0.03367002985694192
0 0.11111111640930176 0.0378787869756872 0.02777777910232544 0.03367002985694192
0 0.11574074029922485 0.07154881954193115 0.03703703880310059 0.10101010582663796
0 0.125 0.0378787869756872 0.03703703880310059 0.03367002985694192
0 0.13425925970077515 0.0378787869756872 0.03703703880310059 0.03367002985694192
0 0.1435185194015503 0.0378787869756872 0.03703703880310059 0.03367002985694192
0 0.15277777910232543 0.0378787869756872 0.03703703880310059 0.03367002985694192
0 0.16203703880310058 0.07154881954193115 0.03703703880310059 0.10101010582663796
0 0.1666666626930237 0.06313131072304466 0.04629628658294678 0.0841750827702609
0 0.2222222328186035 0.035774409770965576 0.08333332538604736 0.07154881954193115
0 0.21296296119689942 0.02735690095207908 0.02777777910232544 0.05471380190415816
0 0.21759259700775146 0.0378787869756872 0.03703705072402954 0.03367002985694192
0 0.2314814805984497 0.0378787869756872 0.027777767181396483 0.03367002985694192
0 0.2407407283782959 0.0378787869756872 0.027777791023254395 0.03367002985694192
0 0.25 0.0378787869756872 0.027777767181396483 0.03367002985694192
0 0.2592592716217041 0.0378787869756872 0.027777791023254395 0.03367002985694192
0 0.2685185194015503 0.0378787869756872 0.027777767181396483 0.03367002985694192
0 0.27777776718139646 0.0378787869756872 0.027777767181396483 0.03367002985694192
0 0.29629628658294677 0.0378787869756872 0.009259271621704101 0.03367002985694192
0 0.29629628658294677 0.0378787869756872 0.027777767181396483 0.03367002985694192
0 0.305555534362793 0.0378787869756872 0.027777791023254395 0.03367002985694192
0 0.31481480598449707 0.0378787869756872 0.027777767181396483 0.03367002985694192
0 0.32407407760620116 0.0378787869756872 0.027777791023254395 0.03367002985694192
0 0.3333333253860474 0.0378787869756872 0.027777767181396483 0.03367002985694192
0 0.3518518447875977 0.0378787869756872 0.009259271621704101 0.03367002985694192
0 0.3518518447875977 0.0378787869756872 0.027777767181396483 0.03367002985694192
0 0.36111111640930177 0.0378787869756872 0.027777791023254395 0.03367002985694192
0 0.37962961196899414 0.0378787869756872 0.009259247779846191 0.03367002985694192
0 0.39351849555969237 0.0378787869756872 0.018518519401550294 0.03367002985694192
0 0.37962961196899414 0.0378787869756872 0.06481482982635497 0.03367002985694192
0 0.3935185194015503 0.0378787869756872 0.05555558204650879 0.03367002985694192
0 0.4212963104248047 0.0378787869756872 0.018518495559692382 0.03367002985694192
0 0.42592592239379884 0.0378787869756872 0.009259223937988281 0.03367002985694192
0 0.42592592239379884 0.0378787869756872 0.027777767181396483 0.03367002985694192
0 0.444444465637207 0.0378787869756872 0.009259271621704101 0.03367002985694192
0 0.4537036895751953 0.0378787869756872 0.009259223937988281 0.03367002985694192
0 0.4629629135131836 0.0378787869756872 0.009259271621704101 0.03367002985694192
0 0.47222223281860354 0.0378787869756872 0.009259271621704101 0.03367002985694192
0 0.47222223281860354 0.0378787869756872 0.027777814865112306 0.03367002985694192
0 0.4907407283782959 0.0378787869756872 0.009259223937988281 0.03367002985694192
0 0.5 0.0378787869756872 0.009259271621704101 0.03367002985694192
0 0.5 0.0378787869756872 0.027777767181396483 0.03367002985694192
0 0.5277777671813965 0.0378787869756872 0.10185184478759765 0.03367002985694192
0 0.5185184955596924 0.0378787869756872 0.046296310424804685 0.03367002985694192
0 0.5416666984558105 0.0378787869756872 0.03703703880310059 0.03367002985694192
0 0.5648148059844971 0.0378787869756872 0.009259223937988281 0.03367002985694192
0 0.5509259223937988 0.0378787869756872 0.055555534362792966 0.03367002985694192
0 0.5833333015441895 0.0378787869756872 0.009259271621704101 0.03367002985694192
0 0.5925926208496094 0.0378787869756872 0.009259271621704101 0.03367002985694192
0 0.5925925731658935 0.0378787869756872 0.027777767181396483 0.03367002985694192
0 0.6064814567565918 0.02735690095207908 0.03703703880310059 0.05471380190415816
0 0.6481481552124023 0.02735690095207908 0.08333334922790528 0.05471380190415816
0 0.6759259223937988 0.035774409770965576 0.08333330154418946 0.07154881954193115
0 0.6851851463317871 0.04629629308527166 0.08333334922790528 0.05050504749471491
0 0.6666666507720947 0.04629629308527166 0.046296310424804685 0.05050504749471491
0 0.6944444656372071 0.05471380190415816 0.08333334922790528 0.0673400651324879
0 0.6944444179534912 0.06944444504651157 0.10185184478759765 0.13888889009302313
0 0.7129629611968994 0.044191918589852074 0.10185184478759765 0.08838383717970415
0 0.7268518447875977 0.04629629308527166 0.11111111640930176 0.05050504749471491
0 0.7407407283782959 0.07154881954193115 0.10185184478759765 0.10101010582663796
0 0.7592592239379883 0.07154881954193115 0.10185184478759765 0.10101010582663796
0 0.7777777671813965 0.07154881954193115 0.10185184478759765 0.10101010582663796
0 0.8009259223937988 0.07154881954193115 0.09259262084960937 0.10101010582663796
0 0.8148147583007812 0.07154881954193115 0.0648148536682129 0.10101010582663796
0 0.8287036895751954 0.06313131072304466 0.055555534362792966 0.0841750827702609
0 0.8472222328186035 0.06313131072304466 0.055555534362792966 0.0841750827702609
0 0.861111068725586 0.06313131072304466 0.046296310424804685 0.0841750827702609
0 0.8703703880310059 0.06313131072304466 0.046296310424804685 0.0841750827702609
0 0.8842592239379883 0.05471380190415816 0.037037086486816403 0.0673400651324879
0 0.9074073791503906 0.06313131072304466 0.06481475830078125 0.0841750827702609
0 0.9027777671813965 0.06313131072304466 0.037037086486816403 0.0841750827702609
0 0.9212963104248046 0.05471380190415816 0.018518543243408202 0.0673400651324879
0 0.9305555343627929 0.05471380190415816 0.018518447875976562 0.0673400651324879
0 0.9398147583007812 0.05471380190415816 0.018518543243408202 0.0673400651324879
0 0.9490739822387695 0.05471380190415816 0.018518543243408202 0.0673400651324879
0 0.9583333969116211 0.05471380190415816 0.018518543243408202 0.0673400651324879
0 0.9675926208496094 0.05471380190415816 0.018518543243408202 0.0673400651324879
0 0.9722221374511719 0.05471380190415816 0.027777767181396483 0.0673400651324879
0 0.9837963104248046 0.04629629308527166 0.032407379150390624 0.0841750827702609
0 0.9837963104248046 0.06313131072304466 0.032407379150390624 0.0841750827702609
0 0.011574073880910873 0.06313131072304466 0.023148147761821745 0.016835017637772995
0 0.01620370298624039 0.07996632836081764 0.03240740597248078 0.08417508818886497
0 0.046296292543411256 0.10521885481747714 0.0277777761220932 0.1346801302649758
0 0.050925922393798825 0.14730639891190964 0.037037035822868346 0.21885520761663263
0 0.06481481194496155 0.07154881954193115 0.02777777910232544 0.06734007055109198
0 0.07870370149612427 0.05471380190415816 0.018518519401550294 0.03367003256624395
0 0.08333333134651184 0.05471380190415816 0.02777777910232544 0.03367003256624395
0 0.09259259104728698 0.07154881954193115 0.02777777910232544 0.06734007055109198
0 0.11111111640930176 0.08838383717970415 0.02777777910232544 0.10101010582663796
0 0.12962963581085205 0.08838383717970415 0.02777777910232544 0.10101010582663796
0 0.13888888359069823 0.08838383717970415 0.02777777910232544 0.10101010582663796
0 0.14814815521240235 0.07996632836081764 0.02777777910232544 0.08417508818886497
0 0.15740740299224854 0.08838383717970415 0.02777777910232544 0.10101010582663796
0 0.16666667461395263 0.07154881954193115 0.02777777910232544 0.06734007055109198
0 0.17129628658294677 0.07996632836081764 0.055555546283721925 0.08417508818886497
0 0.19444444179534912 0.08838383717970415 0.027777767181396483 0.10101010582663796
0 0.21296296119689942 0.08838383717970415 0.02777777910232544 0.10101010582663796
0 0.21759259700775146 0.07154881954193115 0.03703705072402954 0.06734007055109198
0 0.2222222328186035 0.06313131072304466 0.027777791023254395 0.05050505291331898
0 0.2314814805984497 0.06313131072304466 0.027777767181396483 0.05050505291331898
0 0.2407407283782959 0.06313131072304466 0.027777791023254395 0.05050505291331898
0 0.25 0.06313131072304466 0.027777767181396483 0.05050505291331898
0 0.2592592716217041 0.07154881954193115 0.027777791023254395 0.06734007055109198
0 0.2731481552124023 0.06313131072304466 0.018518519401550294 0.05050505291331898
0 0.2870370388031006 0.07154881954193115 0.027777767181396483 0.06734007055109198
0 0.29629628658294677 0.06313131072304466 0.027777767181396483 0.05050505291331898
0 0.305555534362793 0.07154881954193115 0.027777791023254395 0.06734007055109198
0 0.32407407760620116 0.07154881954193115 0.027777791023254395 0.06734007055109198
0 0.3333333253860474 0.07154881954193115 0.027777767181396483 0.06734007055109198
0 0.34259257316589353 0.07154881954193115 0.027777791023254395 0.06734007055109198
