0 0.039351850748062134 0.035774409770965576 0.07870370149612427 0.07154881954193115
0 0.037037035822868346 0.02735690095207908 0.027777773141860963 0.05471380190415816
0 0.050925922393798825 0.02735690095207908 0.018518516421318056 0.05471380190415816
0 0.0555555522441864 0.0189393934878436 0.009259259700775147 0.0378787869756872
0 0.06018518209457398 0.0189393934878436 0.018518519401550294 0.0378787869756872
0 0.06944444179534912 0.0189393934878436 0.018518519401550294 0.0378787869756872
0 0.07407407164573669 0.0189393934878436 0.02777777910232544 0.0378787869756872
0 0.08333333134651184 0.02735690095207908 0.02777777910232544 0.05471380190415816
0 0.10185184478759765 0.0189393934878436 0.009259259700775147 0.0378787869756872
0 0.11111111640930176 0.02735690095207908 0.009259259700775147 0.05471380190415816
0 0.12037036418914795 0.02735690095207908 0.009259259700775147 0.05471380190415816
0 0.125 0.0189393934878436 0.018518519401550294 0.0378787869756872
0 0.12962963581085205 0.02735690095207908 0.02777777910232544 0.05471380190415816
0 0.17592592239379884 0.12836700136011298 0.08333333730697631 0.25673400272022595
0 0.18981480598449707 0.12836700136011298 0.07407406568527222 0.25673400272022595
0 0.17129629850387573 0.0189393934878436 0.018518519401550294 0.0378787869756872
0 0.17592592239379884 0.0189393934878436 0.009259259700775147 0.0378787869756872
0 0.18055555820465088 0.02735690095207908 0.018518507480621338 0.05471380190415816
0 0.18518518209457396 0.02735690095207908 0.027777767181396483 0.05471380190415816
0 0.19444444179534912 0.02735690095207908 0.027777767181396483 0.05471380190415816
0 0.2037036895751953 0.02735690095207908 0.027777791023254395 0.05471380190415816
0 0.2222222089767456 0.0189393934878436 0.04629629850387573 0.0378787869756872
0 0.28240740299224854 0.0189393934878436 0.09259257316589356 0.0378787869756872
0 0.43518519401550293 0.02735690095207908 0.08333332538604736 0.05471380190415816
0 0.44907407760620116 0.0189393934878436 0.09259257316589356 0.0378787869756872
0 0.43518519401550293 0.02735690095207908 0.027777767181396483 0.05471380190415816
0 0.43981480598449707 0.0189393934878436 0.018518543243408202 0.0378787869756872
0 0.4444444179534912 0.02735690095207908 0.027777767181396483 0.05471380190415816
0 0.5370370388031006 0.0189393934878436 0.046296310424804685 0.0378787869756872
0 0.5370370388031006 0.0189393934878436 0.027777767181396483 0.0378787869756872
0 0.5555555343627929 0.0189393934878436 0.046296310424804685 0.0378787869756872
0 0.5648148059844971 0.0189393934878436 0.046296310424804685 0.0378787869756872
0 0.5648148059844971 0.0189393934878436 0.027777767181396483 0.0378787869756872
0 0.5740740776062012 0.0189393934878436 0.027777767181396483 0.0378787869756872
0 0.5833333015441895 0.0189393934878436 0.027777814865112306 0.0378787869756872
0 0.5925925731658935 0.0189393934878436 0.027777767181396483 0.0378787869756872
0 0.6018518447875977 0.0189393934878436 0.027777767181396483 0.0378787869756872
0 0.6203703880310059 0.06102693622762507 0.04629626274108887 0.12205387245525014
0 0.6296296119689941 0.0189393934878436 0.046296310424804685 0.0378787869756872
0 0.6388888835906983 0.02735690095207908 0.046296310424804685 0.05471380190415816
0 0.6481481552124023 0.02735690095207908 0.04629626274108887 0.05471380190415816
0 0.6481481552124023 0.02735690095207908 0.027777767181396483 0.05471380190415816
0 0.6574073791503906 0.02735690095207908 0.027777767181396483 0.05471380190415816
0 0.6620369911193847 0.0189393934878436 0.03703703880310059 0.0378787869756872
0 0.6851851463317871 0.0189393934878436 0.04629626274108887 0.0378787869756872
0 0.6944444179534912 0.0189393934878436 0.046296310424804685 0.0378787869756872
0 0.7037036895751954 0.0189393934878436 0.046296310424804685 0.0378787869756872
0 0.7129629611968994 0.0189393934878436 0.046296310424804685 0.0378787869756872
0 0.7222222328186035 0.0189393934878436 0.04629626274108887 0.0378787869756872
0 0.7314814567565918 0.0189393934878436 0.046296310424804685 0.0378787869756872
0 0.7407407283782959 0.02735690095207908 0.046296310424804685 0.05471380190415816
0 0.75 0.02735690095207908 0.046296310424804685 0.05471380190415816
0 0.75 0.02735690095207908 0.027777767181396483 0.05471380190415816
0 0.7592592239379883 0.02735690095207908 0.027777814865112306 0.05471380190415816
0 0.8472222328186035 0.02735690095207908 0.055555534362792966 0.05471380190415816
0 0.861111068725586 0.02735690095207908 0.046296310424804685 0.05471380190415816
0 0.861111068725586 0.02735690095207908 0.027777767181396483 0.05471380190415816
0 0.8703702926635742 0.02735690095207908 0.027777767181396483 0.05471380190415816
0 0.8796296119689941 0.02735690095207908 0.027777862548828126 0.05471380190415816
0 0.888888931274414 0.02735690095207908 0.027777767181396483 0.05471380190415816
0 0.8935184478759766 0.02735690095207908 0.05555562973022461 0.05471380190415816
0 0.039351850748062134 0.02735690095207908 0.07870370149612427 0.05471380190415816
0 0.03240740597248078 0.010521885346282612 0.03703703284263611 0.021043770692565224
0 0.046296292543411256 0.010521885346282612 0.0277777761220932 0.021043770692565224
0 0.0555555522441864 0.02735690095207908 0.009259259700775147 0.05471380190415816
0 0.06018518209457398 0.07786195386539806 0.018518519401550294 0.1557239077307961
0 0.06481481194496155 0.07786195386539806 0.02777777910232544 0.1557239077307961
0 0.07407407164573669 0.06944444504651157 0.02777777910232544 0.13888889009302313
0 0.08333333134651184 0.06944444504651157 0.02777777910232544 0.13888889009302313
0 0.10185184478759765 0.07786195386539806 0.009259259700775147 0.1557239077307961
0 0.10648148059844971 0.07786195386539806 0.018518519401550294 0.1557239077307961
0 0.11574074029922485 0.010521885346282612 0.018518519401550294 0.021043770692565224
0 0.12962963581085205 0.07786195386539806 0.02777777910232544 0.1557239077307961
0 0.13888888359069823 0.07786195386539806 0.02777777910232544 0.1557239077307961
0 0.15277777910232543 0.06944444504651157 0.018518519401550294 0.13888889009302313
0 0.16666667461395263 0.06944444504651157 0.02777777910232544 0.13888889009302313
0 0.17592592239379884 0.010521885346282612 0.027777767181396483 0.021043770692565224
0 0.18518518209457396 0.0189393934878436 0.027777767181396483 0.0378787869756872
0 0.31481480598449707 0.010521885346282612 0.08333332538604736 0.021043770692565224
0 0.3287036895751953 0.010521885346282612 0.03703703880310059 0.021043770692565224
0 0.34259257316589353 0.010521885346282612 0.027777791023254395 0.021043770692565224
0 0.36111111640930177 0.010521885346282612 0.027777791023254395 0.021043770692565224
0 0.38888888359069823 0.010521885346282612 0.046296310424804685 0.021043770692565224
0 0.37962961196899414 0.010521885346282612 0.027777791023254395 0.021043770692565224
0 0.4120370388031006 0.010521885346282612 0.05555555820465088 0.021043770692565224
0 0.42592592239379884 0.010521885346282612 0.046296310424804685 0.021043770692565224
0 0.43518519401550293 0.010521885346282612 0.027777767181396483 0.021043770692565224
0 0.43981480598449707 0.010521885346282612 0.018518543243408202 0.021043770692565224
0 0.4537036895751953 0.02735690095207908 0.027777767181396483 0.05471380190415816
0 0.5277777671813965 0.02735690095207908 0.027777767181396483 0.05471380190415816
0 0.5509259223937988 0.02735690095207908 0.03703703880310059 0.05471380190415816
0 0.5925925731658935 0.02735690095207908 0.027777767181396483 0.05471380190415816
0 0.5972222328186035 0.02735690095207908 0.03703703880310059 0.05471380190415816
0 0.6064814567565918 0.035774409770965576 0.05555558204650879 0.07154881954193115
0 0.6388888835906983 0.035774409770965576 0.027777767181396483 0.07154881954193115
0 0.6574073791503906 0.035774409770965576 0.027777767181396483 0.07154881954193115
0 0.6666666507720947 0.02735690095207908 0.027777767181396483 0.05471380190415816
0 0.6759259223937988 0.035774409770965576 0.027777767181396483 0.07154881954193115
0 0.6851851463317871 0.035774409770965576 0.027777814865112306 0.07154881954193115
0 0.6990740776062012 0.02735690095207908 0.03703703880310059 0.05471380190415816
0 0.7129629611968994 0.02735690095207908 0.027777767181396483 0.05471380190415816
0 0.7222222328186035 0.035774409770965576 0.027777814865112306 0.07154881954193115
0 0.736111068725586 0.035774409770965576 0.03703703880310059 0.07154881954193115
0 0.7407407283782959 0.02735690095207908 0.027777767181396483 0.05471380190415816
0 0.7638888359069824 0.035774409770965576 0.03703703880310059 0.07154881954193115
0 0.7685185432434082 0.02735690095207908 0.06481480598449707 0.05471380190415816
0 0.7916666507720947 0.02735690095207908 0.037036991119384764 0.05471380190415816
0 0.8055555343627929 0.02735690095207908 0.027777814865112306 0.05471380190415816
0 0.8148147583007812 0.02735690095207908 0.027777767181396483 0.05471380190415816
0 0.8287036895751954 0.02735690095207908 0.055555534362792966 0.05471380190415816
0 0.8333333969116211 0.02735690095207908 0.027777767181396483 0.05471380190415816
0 0.8472221374511719 0.02735690095207908 0.037036991119384764 0.05471380190415816
0 0.9166666030883789 0.02735690095207908 0.0648148536682129 0.05471380190415816
0 0.9398147583007812 0.02735690095207908 0.05555562973022461 0.05471380190415816
0 0.9606481552124023 0.02735690095207908 0.07870368957519532 0.05471380190415816
0 0.9745370864868164 0.02735690095207908 0.050925922393798825 0.05471380190415816
0 0.0069444440305233 0.02735690095207908 0.0138888880610466 0.05471380190415816
0 0.018518517911434173 0.02735690095207908 0.0277777761220932 0.05471380190415816
0 0.03240740597248078 0.02735690095207908 0.03703703284263611 0.05471380190415816
0 0.046296292543411256 0.02735690095207908 0.0277777761220932 0.05471380190415816
0 0.050925922393798825 0.02735690095207908 0.018518516421318056 0.05471380190415816
0 0.06481481194496155 0.02735690095207908 0.02777777910232544 0.05471380190415816
0 0.07870370149612427 0.07786195386539806 0.03703703880310059 0.1557239077307961
0 0.08796296119689942 0.07786195386539806 0.03703703880310059 0.1557239077307961
0 0.10185184478759765 0.02735690095207908 0.02777777910232544 0.05471380190415816
0 0.11111111640930176 0.02735690095207908 0.02777777910232544 0.05471380190415816
0 0.12037036418914795 0.02735690095207908 0.02777777910232544 0.05471380190415816
0 0.13425925970077515 0.02735690095207908 0.03703703880310059 0.05471380190415816
0 0.15277777910232543 0.02735690095207908 0.018518519401550294 0.05471380190415816
0 0.16203703880310058 0.02735690095207908 0.018518519401550294 0.05471380190415816
0 0.17592592239379884 0.02735690095207908 0.027777767181396483 0.05471380190415816
0 0.18981480598449707 0.02735690095207908 0.03703702688217163 0.05471380190415816
0 0.19907407760620116 0.02735690095207908 0.03703703880310059 0.05471380190415816
0 0.21759257316589356 0.02735690095207908 0.05555555820465088 0.05471380190415816
0 0.23611111640930177 0.02735690095207908 0.05555555820465088 0.05471380190415816
0 0.24537036418914795 0.02735690095207908 0.03703703880310059 0.05471380190415816
0 0.26388888359069823 0.02735690095207908 0.055555534362792966 0.05471380190415816
0 0.2731481552124023 0.02735690095207908 0.037037014961242676 0.05471380190415816
0 0.2870370388031006 0.0189393934878436 0.027777767181396483 0.0378787869756872
0 0.29629628658294677 0.0189393934878436 0.027777767181396483 0.0378787869756872
0 0.305555534362793 0.02735690095207908 0.027777791023254395 0.05471380190415816
0 0.31481480598449707 0.02735690095207908 0.027777767181396483 0.05471380190415816
0 0.32407407760620116 0.02735690095207908 0.027777791023254395 0.05471380190415816
0 0.3333333253860474 0.02735690095207908 0.027777767181396483 0.05471380190415816
0 0.3333333253860474 0.02735690095207908 0.046296310424804685 0.05471380190415816
0 0.3472222089767456 0.02735690095207908 0.03703703880310059 0.05471380190415816
0 0.36111111640930177 0.02735690095207908 0.027777791023254395 0.05471380190415816
0 0.375 0.02735690095207908 0.03703703880310059 0.05471380190415816
0 0.38888888359069823 0.02735690095207908 0.027777767181396483 0.05471380190415816
0 0.40740742683410647 0.02735690095207908 0.027777791023254395 0.05471380190415816
0 0.4212963104248047 0.02735690095207908 0.03703703880310059 0.05471380190415816
0 0.444444465637207 0.02735690095207908 0.04629626274108887 0.05471380190415816
0 0.4537036895751953 0.06944444504651157 0.046296310424804685 0.13888889009302313
0 0.4629629611968994 0.02735690095207908 0.046296310424804685 0.05471380190415816
0 0.4768518447875977 0.02735690095207908 0.03703703880310059 0.05471380190415816
0 0.4907407283782959 0.02735690095207908 0.046296310424804685 0.05471380190415816
0 0.5 0.02735690095207908 0.046296310424804685 0.05471380190415816
0 0.5092592239379883 0.06944444504651157 0.04629626274108887 0.13888889009302313
0 0.5231481552124023 0.035774409770965576 0.05555558204650879 0.07154881954193115
0 0.5324073791503906 0.02735690095207908 0.05555558204650879 0.05471380190415816
0 0.5416666507720947 0.035774409770965576 0.055555534362792966 0.07154881954193115
0 0.5740740776062012 0.02735690095207908 0.046296310424804685 0.05471380190415816
0 0.5833333015441895 0.02735690095207908 0.04629626274108887 0.05471380190415816
0 0.5972222328186035 0.02735690095207908 0.03703703880310059 0.05471380190415816
0 0.6157407283782959 0.02735690095207908 0.055555534362792966 0.05471380190415816
0 0.6296296119689941 0.02735690095207908 0.046296310424804685 0.05471380190415816
0 0.6574073791503906 0.06944444504651157 0.04629626274108887 0.13888889009302313
0 0.6666666507720947 0.06944444504651157 0.046296310424804685 0.13888889009302313
0 0.6759259223937988 0.06944444504651157 0.046296310424804685 0.13888889009302313
0 0.6851851463317871 0.06944444504651157 0.04629626274108887 0.13888889009302313
0 0.6990740776062012 0.035774409770965576 0.05555558204650879 0.07154881954193115
0 0.7129629611968994 0.035774409770965576 0.046296310424804685 0.07154881954193115
0 0.7314814567565918 0.06944444504651157 0.046296310424804685 0.13888889009302313
0 0.7453703880310059 0.06944444504651157 0.05555558204650879 0.13888889009302313
0 0.7824073791503906 0.035774409770965576 0.055555534362792966 0.07154881954193115
0 0.7962963104248046 0.035774409770965576 0.046296310424804685 0.07154881954193115
0 0.8148147583007812 0.035774409770965576 0.0648148536682129 0.07154881954193115
0 0.8564814567565918 0.035774409770965576 0.037037086486816403 0.07154881954193115
0 0.8657407760620117 0.035774409770965576 0.037036991119384764 0.07154881954193115
0 0.8703703880310059 0.02735690095207908 0.046296310424804685 0.05471380190415816
0 0.8796296119689941 0.02735690095207908 0.046296310424804685 0.05471380190415816
0 0.9120369911193847 0.02735690095207908 0.055555534362792966 0.05471380190415816
0 0.9259259223937988 0.035774409770965576 0.046296310424804685 0.07154881954193115
0 0.9398147583007812 0.035774409770965576 0.037036991119384764 0.07154881954193115
0 0.9490740776062012 0.035774409770965576 0.037037086486816403 0.07154881954193115
0 0.9583333015441895 0.035774409770965576 0.037037086486816403 0.07154881954193115
0 0.9722221374511719 0.0378787869756872 0.027777767181396483 0.0673400651324879
0 0.9768518447875977 0.05260942740873857 0.037037086486816403 0.10521885481747714
0 0.9791666030883789 0.02735690095207908 0.041666698455810544 0.05471380190415816
0 0.01620370298624039 0.15361952781677246 0.03240740597248078 0.3072390556335449
0 0.0277777761220932 0.06313131072304466 0.046296292543411256 0.0841750827702609
0 0.037037035822868346 0.08627945726568048 0.046296292543411256 0.17255891453136096
0 0.06018518209457398 0.15361952781677246 0.037037035822868346 0.3072390556335449
0 0.06944444179534912 0.15361952781677246 0.03703703880310059 0.3072390556335449
0 0.07407407164573669 0.15361952781677246 0.009259259700775147 0.3072390556335449
0 0.08796296119689942 0.15361952781677246 0.03703703880310059 0.3072390556335449
0 0.09722222089767456 0.15361952781677246 0.03703703880310059 0.3072390556335449
0 0.10648148059844971 0.15361952781677246 0.03703703880310059 0.3072390556335449
0 0.11574074029922485 0.15361952781677246 0.03703703880310059 0.3072390556335449
0 0.125 0.15361952781677246 0.03703703880310059 0.3072390556335449
0 0.12962963581085205 0.035774409770965576 0.02777777910232544 0.07154881954193115
0 0.13888888359069823 0.044191918589852074 0.02777777910232544 0.08838383717970415
0 0.14814815521240235 0.15361952781677246 0.02777777910232544 0.3072390556335449
0 0.15740740299224854 0.15361952781677246 0.02777777910232544 0.3072390556335449
0 0.17129628658294677 0.15361952781677246 0.03703702688217163 0.3072390556335449
0 0.18055555820465088 0.15361952781677246 0.03703702688217163 0.3072390556335449
0 0.18981480598449707 0.15361952781677246 0.03703702688217163 0.3072390556335449
0 0.18981480598449707 0.15361952781677246 0.018518507480621338 0.3072390556335449
0 0.2037036895751953 0.15361952781677246 0.027777791023254395 0.3072390556335449
0 0.20833332538604737 0.05260942740873857 0.01851853132247925 0.10521885481747714
0 0.22685184478759765 0.15361952781677246 0.03703703880310059 0.3072390556335449
0 0.23611111640930177 0.15361952781677246 0.03703703880310059 0.3072390556335449
0 0.24537036418914795 0.15361952781677246 0.03703703880310059 0.3072390556335449
0 0.2546296358108521 0.15361952781677246 0.03703703880310059 0.3072390556335449
0 0.26851849555969237 0.15361952781677246 0.04629628658294678 0.3072390556335449
0 0.27777776718139646 0.15361952781677246 0.04629628658294678 0.3072390556335449
0 0.2870370388031006 0.15361952781677246 0.04629628658294678 0.3072390556335449
0 0.305555534362793 0.05260942740873857 0.04629628658294678 0.10521885481747714
0 0.305555534362793 0.06313131072304466 0.027777791023254395 0.0841750827702609
0 0.31481480598449707 0.06313131072304466 0.027777767181396483 0.0841750827702609
0 0.3287036895751953 0.07786195386539806 0.05555555820465088 0.1557239077307961
0 0.3333333253860474 0.15361952781677246 0.046296310424804685 0.3072390556335449
0 0.34259257316589353 0.15361952781677246 0.04629628658294678 0.3072390556335449
0 0.3564814567565918 0.15361952781677246 0.05555555820465088 0.3072390556335449
0 0.3703703641891479 0.15361952781677246 0.046296310424804685 0.3072390556335449
0 0.375 0.05260942740873857 0.03703703880310059 0.10521885481747714
0 0.38888888359069823 0.15361952781677246 0.027777767181396483 0.3072390556335449
0 0.3981481552124023 0.15361952781677246 0.046296310424804685 0.3072390556335449
0 0.4120370388031006 0.15361952781677246 0.037037014961242676 0.3072390556335449
0 0.41666665077209475 0.15361952781677246 0.027777767181396483 0.3072390556335449
0 0.42592592239379884 0.15361952781677246 0.027777767181396483 0.3072390556335449
0 0.4351851463317871 0.15361952781677246 0.04629626274108887 0.3072390556335449
0 0.444444465637207 0.15361952781677246 0.04629626274108887 0.3072390556335449
0 0.45833330154418944 0.15361952781677246 0.03703703880310059 0.3072390556335449
0 0.4675926208496094 0.15361952781677246 0.03703703880310059 0.3072390556335449
0 0.4814814567565918 0.15361952781677246 0.046296310424804685 0.3072390556335449
0 0.4907407283782959 0.15361952781677246 0.046296310424804685 0.3072390556335449
0 0.5277777671813965 0.15361952781677246 0.10185184478759765 0.3072390556335449
0 0.5462963104248046 0.15361952781677246 0.10185189247131347 0.3072390556335449
0 0.5370369911193847 0.035774409770965576 0.06481480598449707 0.07154881954193115
0 0.5648148059844971 0.035774409770965576 0.10185184478759765 0.07154881954193115
0 0.5740740776062012 0.15361952781677246 0.10185184478759765 0.3072390556335449
0 0.5601851463317871 0.15361952781677246 0.05555558204650879 0.3072390556335449
0 0.5787036895751954 0.15361952781677246 0.055555534362792966 0.3072390556335449
0 0.5972222328186035 0.15361952781677246 0.03703703880310059 0.3072390556335449
0 0.6064814567565918 0.15361952781677246 0.03703703880310059 0.3072390556335449
0 0.6157407760620117 0.15361952781677246 0.03703703880310059 0.3072390556335449
0 0.625 0.15361952781677246 0.03703703880310059 0.3072390556335449
0 0.6342592239379883 0.15361952781677246 0.05555558204650879 0.3072390556335449
0 0.6481481552124023 0.15361952781677246 0.04629626274108887 0.3072390556335449
0 0.6574073791503906 0.15361952781677246 0.04629626274108887 0.3072390556335449
0 0.6666666507720947 0.15361952781677246 0.046296310424804685 0.3072390556335449
0 0.6759259223937988 0.15361952781677246 0.046296310424804685 0.3072390556335449
0 0.6898148059844971 0.15361952781677246 0.055555534362792966 0.3072390556335449
0 0.7083333015441895 0.15361952781677246 0.05555558204650879 0.3072390556335449
0 0.7268518447875977 0.15361952781677246 0.055555534362792966 0.3072390556335449
0 0.7453703880310059 0.15361952781677246 0.05555558204650879 0.3072390556335449
0 0.7592592239379883 0.15361952781677246 0.04629626274108887 0.3072390556335449
0 0.7685184955596924 0.15361952781677246 0.046296310424804685 0.3072390556335449
0 0.7731481552124023 0.04629629308527166 0.03703703880310059 0.0841750827702609
0 0.7777777671813965 0.05471380190415816 0.046296310424804685 0.10101010582663796
0 0.7916666507720947 0.04629629308527166 0.037036991119384764 0.0841750827702609
0 0.8055555343627929 0.04629629308527166 0.046296310424804685 0.0841750827702609
0 0.8148147583007812 0.05471380190415816 0.04629626274108887 0.10101010582663796
0 0.8333333015441895 0.06313131072304466 0.046296310424804685 0.11784512346441095
0 0.861111068725586 0.06313131072304466 0.10185184478759765 0.11784512346441095
0 0.8518518447875977 0.06313131072304466 0.046296310424804685 0.11784512346441095
0 0.8564814567565918 0.04629629308527166 0.055555534362792966 0.0841750827702609
0 0.8703703880310059 0.15361952781677246 0.046296310424804685 0.3072390556335449
0 0.8842592239379883 0.15361952781677246 0.055555534362792966 0.3072390556335449
