0 0.037037035822868346 0.0189393934878436 0.027777773141860963 0.0378787869756872
0 0.04166666269302368 0.010521885346282612 0.018518516421318056 0.021043770692565224
0 0.046296292543411256 0.002104377035390247 0.0277777761220932 0.004208754070780494
0 0.050925922393798825 0.06102693622762507 0.037037035822868346 0.12205387245525014
0 0.06481481194496155 0.02735690095207908 0.02777777910232544 0.05471380190415816
0 0.07407407164573669 0.035774409770965576 0.02777777910232544 0.07154881954193115
0 0.08796296119689942 0.035774409770965576 0.03703703880310059 0.07154881954193115
0 0.10185184478759765 0.035774409770965576 0.02777777910232544 0.07154881954193115
0 0.11574074029922485 0.035774409770965576 0.03703703880310059 0.07154881954193115
0 0.12037036418914795 0.09469696608456699 0.02777777910232544 0.18939393216913397
0 0.12962963581085205 0.09469696608456699 0.02777777910232544 0.18939393216913397
0 0.13888888359069823 0.09469696608456699 0.02777777910232544 0.18939393216913397
0 0.15740740299224854 0.09469696608456699 0.02777777910232544 0.18939393216913397
0 0.17129628658294677 0.02735690095207908 0.03703702688217163 0.05471380190415816
0 0.17592592239379884 0.0189393934878436 0.027777767181396483 0.0378787869756872
0 0.18981480598449707 0.0189393934878436 0.03703702688217163 0.0378787869756872
0 0.19907407760620116 0.0189393934878436 0.03703703880310059 0.0378787869756872
0 0.19444444179534912 0.035774409770965576 0.04629629850387573 0.07154881954193115
0 0.23611111640930177 0.09469696608456699 0.018518519401550294 0.18939393216913397
0 0.2407407283782959 0.09469696608456699 0.009259247779846191 0.18939393216913397
0 0.2592592716217041 0.010521885346282612 0.027777791023254395 0.021043770692565224
0 0.26388888359069823 0.010521885346282612 0.03703703880310059 0.021043770692565224
0 0.28240740299224854 0.010521885346282612 0.03703703880310059 0.021043770692565224
0 0.2870370388031006 0.0189393934878436 0.027777767181396483 0.0378787869756872
0 0.30092592239379884 0.0189393934878436 0.03703703880310059 0.0378787869756872
0 0.305555534362793 0.0189393934878436 0.027777791023254395 0.0378787869756872
0 0.31944444179534914 0.0189393934878436 0.03703703880310059 0.0378787869756872
0 0.32407407760620116 0.02735690095207908 0.027777791023254395 0.05471380190415816
0 0.3333333253860474 0.035774409770965576 0.027777767181396483 0.07154881954193115
0 0.34259257316589353 0.02735690095207908 0.027777791023254395 0.05471380190415816
0 0.3564814805984497 0.02735690095207908 0.03703703880310059 0.05471380190415816
0 0.3657407283782959 0.010521885346282612 0.03703703880310059 0.021043770692565224
0 0.375 0.010521885346282612 0.03703703880310059 0.021043770692565224
0 0.37962961196899414 0.0189393934878436 0.027777791023254395 0.0378787869756872
0 0.38888888359069823 0.0189393934878436 0.027777767181396483 0.0378787869756872
0 0.3981481552124023 0.035774409770965576 0.027777791023254395 0.07154881954193115
0 0.40740742683410647 0.035774409770965576 0.027777791023254395 0.07154881954193115
0 0.42592592239379884 0.02735690095207908 0.06481478214263917 0.05471380190415816
0 0.48611106872558596 0.0189393934878436 0.05555558204650879 0.0378787869756872
0 0.5 0.0189393934878436 0.06481480598449707 0.0378787869756872
0 0.49537038803100586 0.0189393934878436 0.05555558204650879 0.0378787869756872
0 0.5231481552124023 0.02735690095207908 0.07407407760620117 0.05471380190415816
0 0.5601851463317871 0.0189393934878436 0.03703703880310059 0.0378787869756872
0 0.5648148059844971 0.0189393934878436 0.046296310424804685 0.0378787869756872
0 0.5694444656372071 0.0189393934878436 0.05555558204650879 0.0378787869756872
0 0.5787036895751954 0.02735690095207908 0.055555534362792966 0.05471380190415816
0 0.6064814567565918 0.02735690095207908 0.03703703880310059 0.05471380190415816
0 0.6111111164093017 0.0189393934878436 0.027777767181396483 0.0378787869756872
0 0.6203703880310059 0.010521885346282612 0.027777814865112306 0.021043770692565224
0 0.6296296119689941 0.06102693622762507 0.027777767181396483 0.12205387245525014
0 0.6388888835906983 0.06102693622762507 0.027777767181396483 0.12205387245525014
0 0.6481481552124023 0.010521885346282612 0.027777767181396483 0.021043770692565224
0 0.6574073791503906 0.06102693622762507 0.027777767181396483 0.12205387245525014
0 0.6574073791503906 0.06102693622762507 0.04629626274108887 0.12205387245525014
0 0.6666666507720947 0.06102693622762507 0.046296310424804685 0.12205387245525014
0 0.6898148059844971 0.06102693622762507 0.055555534362792966 0.12205387245525014
0 0.6944444179534912 0.010521885346282612 0.027777767181396483 0.021043770692565224
0 0.6990740776062012 0.06102693622762507 0.03703703880310059 0.12205387245525014
0 0.7083333015441895 0.06102693622762507 0.03703703880310059 0.12205387245525014
0 0.7175926208496094 0.06102693622762507 0.03703703880310059 0.12205387245525014
0 0.7268518447875977 0.06102693622762507 0.03703703880310059 0.12205387245525014
0 0.736111068725586 0.06102693622762507 0.03703703880310059 0.12205387245525014
0 0.7453703880310059 0.06102693622762507 0.03703703880310059 0.12205387245525014
0 0.7546296119689941 0.010521885346282612 0.03703703880310059 0.021043770692565224
0 0.7638888359069824 0.06102693622762507 0.03703703880310059 0.12205387245525014
0 0.7731481552124023 0.06102693622762507 0.03703703880310059 0.12205387245525014
0 0.7824073791503906 0.06102693622762507 0.03703703880310059 0.12205387245525014
0 0.7870370388031006 0.06102693622762507 0.0648148536682129 0.12205387245525014
0 0.8240740776062012 0.06102693622762507 0.046296310424804685 0.12205387245525014
0 0.8240739822387695 0.06102693622762507 0.027777767181396483 0.12205387245525014
0 0.8333333969116211 0.06102693622762507 0.027777767181396483 0.12205387245525014
0 0.8425926208496094 0.06102693622762507 0.027777767181396483 0.12205387245525014
0 0.8472221374511719 0.0189393934878436 0.037036991119384764 0.0378787869756872
0 0.8564814567565918 0.0189393934878436 0.037037086486816403 0.0378787869756872
0 0.861111068725586 0.06102693622762507 0.046296310424804685 0.12205387245525014
0 0.875 0.0189393934878436 0.037037086486816403 0.0378787869756872
0 0.888888931274414 0.035774409770965576 0.0648148536682129 0.07154881954193115
0 0.9027777671813965 0.0189393934878436 0.037037086486816403 0.0378787869756872
0 0.9074073791503906 0.035774409770965576 0.027777767181396483 0.07154881954193115
0 0.9166666030883789 0.010521885346282612 0.027777767181396483 0.021043770692565224
0 0.9212963104248046 0.0189393934878436 0.037036991119384764 0.0378787869756872
0 0.9444444656372071 0.06102693622762507 0.046296310424804685 0.12205387245525014
0 0.9537036895751954 0.035774409770965576 0.046296310424804685 0.07154881954193115
0 0.9537036895751954 0.0189393934878436 0.027777862548828126 0.0378787869756872
0 0.9745370864868164 0.010521885346282612 0.050925922393798825 0.021043770692565224
0 0.03009259104728699 0.0189393934878436 0.06018518209457398 0.0378787869756872
0 0.04629629552364349 0.0189393934878436 0.08333333134651184 0.0378787869756872
0 0.03240740597248078 0.0189393934878436 0.018518517911434173 0.0378787869756872
0 0.046296292543411256 0.0189393934878436 0.0277777761220932 0.0378787869756872
0 0.0555555522441864 0.10311447490345348 0.0277777761220932 0.20622894980690695
0 0.06018518209457398 0.0189393934878436 0.037037035822868346 0.0378787869756872
0 0.06944444179534912 0.06102693622762507 0.03703703880310059 0.12205387245525014
0 0.09259259104728698 0.035774409770965576 0.02777777910232544 0.07154881954193115
0 0.11574074029922485 0.10311447490345348 0.03703703880310059 0.20622894980690695
0 0.15277777910232543 0.10311447490345348 0.018518519401550294 0.20622894980690695
0 0.16666667461395263 0.10311447490345348 0.02777777910232544 0.20622894980690695
0 0.18055555820465088 0.02735690095207908 0.03703702688217163 0.05471380190415816
0 0.18518518209457396 0.035774409770965576 0.04629628658294678 0.07154881954193115
0 0.19444444179534912 0.02735690095207908 0.027777767181396483 0.05471380190415816
0 0.2037036895751953 0.02735690095207908 0.027777791023254395 0.05471380190415816
0 0.25462961196899414 0.10311447490345348 0.018518519401550294 0.20622894980690695
0 0.2731481552124023 0.010521885346282612 0.037037014961242676 0.021043770692565224
0 0.29166665077209475 0.02735690095207908 0.037037014961242676 0.05471380190415816
0 0.310185170173645 0.02735690095207908 0.03703703880310059 0.05471380190415816
0 0.3333333253860474 0.0189393934878436 0.027777767181396483 0.0378787869756872
0 0.34259257316589353 0.0189393934878436 0.027777791023254395 0.0378787869756872
0 0.3518518447875977 0.0189393934878436 0.027777767181396483 0.0378787869756872
0 0.3703703641891479 0.0189393934878436 0.027777767181396483 0.0378787869756872
0 0.3935185194015503 0.010521885346282612 0.03703703880310059 0.021043770692565224
0 0.3981481552124023 0.010521885346282612 0.027777791023254395 0.021043770692565224
0 0.40740742683410647 0.010521885346282612 0.027777791023254395 0.021043770692565224
0 0.41666665077209475 0.0189393934878436 0.027777767181396483 0.0378787869756872
0 0.43518519401550293 0.02735690095207908 0.027777767181396483 0.05471380190415816
0 0.48611106872558596 0.0189393934878436 0.11111111640930176 0.0378787869756872
0 0.5046296119689941 0.0189393934878436 0.09259262084960937 0.0378787869756872
0 0.48611106872558596 0.0189393934878436 0.03703703880310059 0.0378787869756872
0 0.49537038803100586 0.0189393934878436 0.03703703880310059 0.0378787869756872
0 0.5138888835906983 0.0189393934878436 0.055555534362792966 0.0378787869756872
0 0.5416666984558105 0.0189393934878436 0.03703703880310059 0.0378787869756872
0 0.5509259223937988 0.0189393934878436 0.03703703880310059 0.0378787869756872
0 0.5833333015441895 0.0189393934878436 0.06481480598449707 0.0378787869756872
0 0.6203703880310059 0.0189393934878436 0.027777814865112306 0.0378787869756872
0 0.6388888835906983 0.021043770692565224 0.027777767181396483 0.03367003256624395
0 0.6481481552124023 0.0189393934878436 0.027777767181396483 0.0378787869756872
0 0.6574073791503906 0.0189393934878436 0.027777767181396483 0.0378787869756872
0 0.6759259223937988 0.0189393934878436 0.027777767181396483 0.0378787869756872
0 0.6851851463317871 0.0189393934878436 0.027777814865112306 0.0378787869756872
0 0.6944444179534912 0.0189393934878436 0.027777767181396483 0.0378787869756872
0 0.7037036895751954 0.0189393934878436 0.027777767181396483 0.0378787869756872
0 0.7222222328186035 0.0189393934878436 0.027777814865112306 0.0378787869756872
0 0.7314814567565918 0.0189393934878436 0.027777767181396483 0.0378787869756872
0 0.7453703880310059 0.02735690095207908 0.03703703880310059 0.05471380190415816
0 0.7592592239379883 0.02735690095207908 0.027777814865112306 0.05471380190415816
0 0.7685184955596924 0.0189393934878436 0.027777767181396483 0.0378787869756872
0 0.7824073791503906 0.0189393934878436 0.03703703880310059 0.0378787869756872
0 0.7916666507720947 0.0189393934878436 0.037036991119384764 0.0378787869756872
0 0.8009259223937988 0.0189393934878436 0.037037086486816403 0.0378787869756872
0 0.8240740776062012 0.021043770692565224 0.046296310424804685 0.03367003256624395
0 0.8240739822387695 0.021043770692565224 0.027777767181396483 0.03367003256624395
0 0.8333333969116211 0.0189393934878436 0.027777767181396483 0.0378787869756872
0 0.861111068725586 0.02735690095207908 0.027777767181396483 0.05471380190415816
0 0.8842592239379883 0.0189393934878436 0.037037086486816403 0.0378787869756872
0 0.8935184478759766 0.0189393934878436 0.037036991119384764 0.0378787869756872
0 0.9027777671813965 0.010521885346282612 0.037037086486816403 0.021043770692565224
0 0.9166666030883789 0.0189393934878436 0.027777767181396483 0.0378787869756872
0 0.9259258270263672 0.0189393934878436 0.027777767181396483 0.0378787869756872
0 0.9351852416992188 0.035774409770965576 0.027777767181396483 0.07154881954193115
0 0.9745370864868164 0.035774409770965576 0.050925922393798825 0.07154881954193115
0 0.9606481552124023 0.02735690095207908 0.07870368957519532 0.05471380190415816
0 0.9629629135131836 0.010521885346282612 0.0648148536682129 0.021043770692565224
0 0.02083333283662796 0.0378787869756872 0.04166666567325592 0.0673400651324879
0 0.018518517911434173 0.0378787869756872 0.0277777761220932 0.0673400651324879
0 0.03240740597248078 0.0378787869756872 0.018518517911434173 0.0673400651324879
0 0.037037035822868346 0.0378787869756872 0.027777773141860963 0.0673400651324879
0 0.046296292543411256 0.11153198372233998 0.0277777761220932 0.22306396744467996
0 0.0555555522441864 0.11153198372233998 0.04629629552364349 0.22306396744467996
0 0.06018518209457398 0.06102693622762507 0.037037035822868346 0.12205387245525014
0 0.08333333134651184 0.06102693622762507 0.04629629850387573 0.12205387245525014
0 0.09259259104728698 0.06102693622762507 0.04629629850387573 0.12205387245525014
0 0.10185184478759765 0.06102693622762507 0.04629629850387573 0.12205387245525014
0 0.12037036418914795 0.02735690095207908 0.04629629850387573 0.05471380190415816
0 0.13425925970077515 0.02735690095207908 0.03703703880310059 0.05471380190415816
0 0.1435185194015503 0.02735690095207908 0.03703703880310059 0.05471380190415816
0 0.15277777910232543 0.02735690095207908 0.03703703880310059 0.05471380190415816
0 0.17129628658294677 0.02735690095207908 0.055555546283721925 0.05471380190415816
0 0.17592592239379884 0.06944444504651157 0.04629628658294678 0.13888889009302313
0 0.18518518209457396 0.11153198372233998 0.04629628658294678 0.22306396744467996
0 0.19444444179534912 0.11153198372233998 0.04629629850387573 0.22306396744467996
0 0.2037036895751953 0.06102693622762507 0.04629628658294678 0.12205387245525014
0 0.22685184478759765 0.05471380190415816 0.03703703880310059 0.0673400651324879
0 0.2407407283782959 0.0378787869756872 0.027777791023254395 0.0673400651324879
0 0.24537036418914795 0.02735690095207908 0.03703703880310059 0.05471380190415816
0 0.26388888359069823 0.035774409770965576 0.03703703880310059 0.07154881954193115
0 0.26851849555969237 0.035774409770965576 0.04629628658294678 0.07154881954193115
0 0.27777776718139646 0.02735690095207908 0.04629628658294678 0.05471380190415816
0 0.305555534362793 0.06102693622762507 0.04629628658294678 0.12205387245525014
0 0.31481480598449707 0.06102693622762507 0.046296310424804685 0.12205387245525014
0 0.32407407760620116 0.02735690095207908 0.04629628658294678 0.05471380190415816
0 0.3333333253860474 0.06102693622762507 0.046296310424804685 0.12205387245525014
0 0.34259257316589353 0.06102693622762507 0.04629628658294678 0.12205387245525014
0 0.375 0.02735690095207908 0.05555555820465088 0.05471380190415816
0 0.38888888359069823 0.02735690095207908 0.046296310424804685 0.05471380190415816
0 0.3981481552124023 0.11153198372233998 0.046296310424804685 0.22306396744467996
0 0.4074073791503906 0.11153198372233998 0.04629628658294678 0.22306396744467996
0 0.41666665077209475 0.11153198372233998 0.04629628658294678 0.22306396744467996
0 0.42592592239379884 0.11153198372233998 0.046296310424804685 0.22306396744467996
0 0.4351851463317871 0.11153198372233998 0.04629626274108887 0.22306396744467996
0 0.44907407760620116 0.02735690095207908 0.03703703880310059 0.05471380190415816
0 0.45833330154418944 0.02735690095207908 0.03703703880310059 0.05471380190415816
0 0.4675926208496094 0.035774409770965576 0.03703703880310059 0.07154881954193115
0 0.4768518447875977 0.035774409770965576 0.03703703880310059 0.07154881954193115
0 0.4907407283782959 0.02735690095207908 0.046296310424804685 0.05471380190415816
0 0.5 0.11153198372233998 0.046296310424804685 0.22306396744467996
0 0.5092592239379883 0.02735690095207908 0.04629626274108887 0.05471380190415816
0 0.5185184955596924 0.02735690095207908 0.046296310424804685 0.05471380190415816
0 0.5277777671813965 0.02735690095207908 0.046296310424804685 0.05471380190415816
0 0.5370370388031006 0.02735690095207908 0.046296310424804685 0.05471380190415816
0 0.5462963104248046 0.02735690095207908 0.04629626274108887 0.05471380190415816
0 0.5555555343627929 0.11153198372233998 0.046296310424804685 0.22306396744467996
0 0.5648148059844971 0.11153198372233998 0.046296310424804685 0.22306396744467996
0 0.5787036895751954 0.02735690095207908 0.03703703880310059 0.05471380190415816
0 0.5972222328186035 0.0189393934878436 0.03703703880310059 0.0378787869756872
0 0.6111111164093017 0.0189393934878436 0.046296310424804685 0.0378787869756872
0 0.6157407760620117 0.02735690095207908 0.03703703880310059 0.05471380190415816
0 0.625 0.02735690095207908 0.03703703880310059 0.05471380190415816
0 0.6342592239379883 0.02735690095207908 0.03703703880310059 0.05471380190415816
0 0.6435185432434082 0.02735690095207908 0.03703703880310059 0.05471380190415816
0 0.6527777671813965 0.02735690095207908 0.037036991119384764 0.05471380190415816
0 0.6620369911193847 0.02735690095207908 0.03703703880310059 0.05471380190415816
0 0.6759259223937988 0.02735690095207908 0.046296310424804685 0.05471380190415816
0 0.6851851463317871 0.02735690095207908 0.04629626274108887 0.05471380190415816
0 0.6944444179534912 0.02735690095207908 0.046296310424804685 0.05471380190415816
0 0.7037036895751954 0.02735690095207908 0.046296310424804685 0.05471380190415816
0 0.7129629611968994 0.11153198372233998 0.046296310424804685 0.22306396744467996
0 0.7222222328186035 0.11153198372233998 0.04629626274108887 0.22306396744467996
0 0.7314814567565918 0.02735690095207908 0.046296310424804685 0.05471380190415816
0 0.7407407283782959 0.11153198372233998 0.046296310424804685 0.22306396744467996
0 0.75 0.11153198372233998 0.046296310424804685 0.22306396744467996
0 0.7546296119689941 0.06102693622762507 0.03703703880310059 0.12205387245525014
0 0.7916666507720947 0.02735690095207908 0.037036991119384764 0.05471380190415816
0 0.8009259223937988 0.11153198372233998 0.037037086486816403 0.22306396744467996
0 0.8148147583007812 0.11153198372233998 0.04629626274108887 0.22306396744467996
0 0.8194444656372071 0.02735690095207908 0.037036991119384764 0.05471380190415816
0 0.8287036895751954 0.11153198372233998 0.037037086486816403 0.22306396744467996
0 0.8425926208496094 0.11153198372233998 0.046296215057373045 0.22306396744467996
0 0.8518518447875977 0.02735690095207908 0.046296310424804685 0.05471380190415816
0 0.875 0.06102693622762507 0.055555534362792966 0.12205387245525014
0 0.8888888359069824 0.06102693622762507 0.046296310424804685 0.12205387245525014
0 0.9027777671813965 0.02735690095207908 0.037037086486816403 0.05471380190415816
0 0.9166666030883789 0.02735690095207908 0.046296215057373045 0.05471380190415816
0 0.9259259223937988 0.11153198372233998 0.046296310424804685 0.22306396744467996
0 0.9351851463317871 0.11153198372233998 0.046296310424804685 0.22306396744467996
0 0.9444444656372071 0.11153198372233998 0.046296310424804685 0.22306396744467996
0 0.9537036895751954 0.02735690095207908 0.046296310424804685 0.05471380190415816
0 0.9675926208496094 0.0378787869756872 0.05555562973022461 0.0673400651324879
0 0.9791666030883789 0.11153198372233998 0.041666698455810544 0.22306396744467996
0 0.01620370298624039 0.05471380190415816 0.03240740597248078 0.0673400651324879
0 0.01620370298624039 0.07154881954193115 0.03240740597248078 0.10101010582663796
0 0.03240740597248078 0.07996632836081764 0.03703703284263611 0.08417508818886497
0 0.04166666567325592 0.13047138127413663 0.03703703284263611 0.21885520761663263
0 0.0555555522441864 0.07154881954193115 0.0277777761220932 0.10101010582663796
0 0.06481481194496155 0.07154881954193115 0.02777777910232544 0.10101010582663796
0 0.07407407164573669 0.07996632836081764 0.02777777910232544 0.11784512346441095
0 0.07870370149612427 0.07154881954193115 0.03703703880310059 0.10101010582663796
0 0.08796296119689942 0.07154881954193115 0.03703703880310059 0.10101010582663796
0 0.10185184478759765 0.07154881954193115 0.02777777910232544 0.10101010582663796
0 0.11111111640930176 0.07154881954193115 0.02777777910232544 0.10101010582663796
0 0.125 0.07154881954193115 0.03703703880310059 0.10101010582663796
0 0.13888888359069823 0.13047138127413663 0.02777777910232544 0.21885520761663263
0 0.14814815521240235 0.07154881954193115 0.02777777910232544 0.10101010582663796
0 0.15740740299224854 0.07154881954193115 0.02777777910232544 0.10101010582663796
0 0.17129628658294677 0.06944444504651157 0.055555546283721925 0.13888889009302313
0 0.18055555820465088 0.07996632836081764 0.03703702688217163 0.11784512346441095
0 0.18981480598449707 0.07996632836081764 0.03703702688217163 0.11784512346441095
0 0.19907407760620116 0.07996632836081764 0.03703703880310059 0.11784512346441095
0 0.20833332538604737 0.07996632836081764 0.03703703880310059 0.11784512346441095
0 0.21759259700775146 0.07996632836081764 0.03703705072402954 0.11784512346441095
0 0.22685184478759765 0.07996632836081764 0.03703703880310059 0.11784512346441095
0 0.23611111640930177 0.07996632836081764 0.03703703880310059 0.11784512346441095
0 0.25 0.07996632836081764 0.027777767181396483 0.11784512346441095
0 0.2592592716217041 0.07996632836081764 0.027777791023254395 0.11784512346441095
0 0.2685185194015503 0.07996632836081764 0.027777767181396483 0.11784512346441095
0 0.27777776718139646 0.13047138127413663 0.027777767181396483 0.21885520761663263
0 0.2870370388031006 0.07996632836081764 0.027777767181396483 0.11784512346441095
0 0.29166665077209475 0.07154881954193115 0.037037014961242676 0.13468014110218396
0 0.305555534362793 0.07154881954193115 0.04629628658294678 0.13468014110218396
0 0.31481480598449707 0.06944444504651157 0.046296310424804685 0.13888889009302313
0 0.32407407760620116 0.06944444504651157 0.04629628658294678 0.13888889009302313
0 0.3333333253860474 0.15361952781677246 0.046296310424804685 0.3072390556335449
0 0.34259257316589353 0.15361952781677246 0.04629628658294678 0.3072390556335449
0 0.3564814567565918 0.15361952781677246 0.05555555820465088 0.3072390556335449
0 0.375 0.15361952781677246 0.05555555820465088 0.3072390556335449
0 0.3981481552124023 0.15361952781677246 0.046296310424804685 0.3072390556335449
0 0.4120370388031006 0.15361952781677246 0.05555555820465088 0.3072390556335449
0 0.430555534362793 0.15361952781677246 0.055555534362792966 0.3072390556335449
0 0.444444465637207 0.15361952781677246 0.04629626274108887 0.3072390556335449
0 0.4537036895751953 0.15361952781677246 0.046296310424804685 0.3072390556335449
0 0.4675926208496094 0.07996632836081764 0.03703703880310059 0.11784512346441095
0 0.48611106872558596 0.07996632836081764 0.03703703880310059 0.11784512346441095
0 0.49537038803100586 0.06944444504651157 0.03703703880310059 0.13888889009302313
0 0.5092592239379883 0.15361952781677246 0.04629626274108887 0.3072390556335449
0 0.5185184955596924 0.15361952781677246 0.046296310424804685 0.3072390556335449
0 0.5277777671813965 0.15361952781677246 0.046296310424804685 0.3072390556335449
0 0.5416666984558105 0.15361952781677246 0.03703703880310059 0.3072390556335449
0 0.5555555343627929 0.15361952781677246 0.046296310424804685 0.3072390556335449
0 0.5648148059844971 0.15361952781677246 0.046296310424804685 0.3072390556335449
0 0.5694444656372071 0.15361952781677246 0.018518495559692382 0.3072390556335449
0 0.5879629135131836 0.15361952781677246 0.03703703880310059 0.3072390556335449
0 0.5972222328186035 0.15361952781677246 0.03703703880310059 0.3072390556335449
0 0.6111111164093017 0.15361952781677246 0.046296310424804685 0.3072390556335449
0 0.6203703880310059 0.15361952781677246 0.04629626274108887 0.3072390556335449
0 0.6296296119689941 0.15361952781677246 0.046296310424804685 0.3072390556335449
0 0.6388888835906983 0.15361952781677246 0.046296310424804685 0.3072390556335449
