0 0.027777779270225848 0.00719039390484492 0.027777777031553742 0.01438078780968984
0 0.06018519065749477 0.015407986442248027 0.055555558540451695 0.030815972884496053
0 0.055555558540451695 0.015407986442248027 0.04629629430636554 0.030815972884496053
0 0.08333333333333333 0.04827835957209269 0.04629630326105395 0.09655671914418539
0 0.09259259756741949 0.04006076653798421 0.04629629878370974 0.08012153307596842
0 0.1250000089546884 0.015407986442248027 0.0370370390269678 0.030815972884496053
0 0.13425926423408616 0.015407986442248027 0.0370370390269678 0.030815972884496053
0 0.1481481561078712 0.015407986442248027 0.02777777479288164 0.030815972884496053
0 0.15740741138726894 0.015407986442248027 0.027777783747570055 0.030815972884496053
0 0.16666666666666666 0.015407986442248027 0.027777783747570055 0.030815972884496053
0 0.1759259219460644 0.023625580469767253 0.027777783747570055 0.047251160939534506
0 0.18981482277453784 0.023625580469767253 0.0370370390269678 0.047251160939534506
0 0.2037037236030113 0.023625580469767253 0.06481480486516102 0.047251160939534506
0 0.22222223416180678 0.023625580469767253 0.06481482277453786 0.047251160939534506
0 0.23611113499028022 0.04827835957209269 0.05555554958576328 0.09655671914418539
0 0.25 0.023625580469767253 0.04629629430636554 0.047251160939534506
0 0.26388890082847344 0.015407986442248027 0.0370370390269678 0.030815972884496053
0 0.2777778016569469 0.023625580469767253 0.027777783747570055 0.047251160939534506
0 0.2870370569363446 0.023625580469767253 0.02777780165694689 0.047251160939534506
0 0.2962963122157424 0.023625580469767253 0.027777783747570055 0.047251160939534506
0 0.3055555674951401 0.023625580469767253 0.027777783747570055 0.047251160939534506
0 0.3148148227745379 0.023625580469767253 0.027777765838193223 0.047251160939534506
0 0.32407411387268925 0.023625580469767253 0.027777765838193223 0.047251160939534506
0 0.3333333333333333 0.015407986442248027 0.027777765838193223 0.030815972884496053
0 0.33796297888240906 0.00719039390484492 0.03703702111759096 0.01438078780968984
0 0.3518518438921288 0.015407986442248027 0.027777765838193223 0.030815972884496053
0 0.36111113499028025 0.015407986442248027 0.02777780165694689 0.030815972884496053
0 0.37037039026967794 0.023625580469767253 0.02777780165694689 0.047251160939534506
0 0.3796296455490757 0.04827835957209269 0.02777780165694689 0.09655671914418539
0 0.3888889366472271 0.04827835957209269 0.027777765838193223 0.09655671914418539
0 0.3981481561078712 0.04827835957209269 0.027777765838193223 0.09655671914418539
0 0.4074074472060226 0.04827835957209269 0.027777765838193223 0.09655671914418539
0 0.4212963122157424 0.015407986442248027 0.03703702111759096 0.030815972884496053
0 0.4305555674951401 0.015407986442248027 0.03703702111759096 0.030815972884496053
0 0.4398148227745379 0.015407986442248027 0.03703705693634463 0.030815972884496053
0 0.44907411387268925 0.015407986442248027 0.03703705693634463 0.030815972884496053
0 0.46296297888240906 0.015407986442248027 0.02777780165694689 0.030815972884496053
0 0.47222226998056044 0.015407986442248027 0.027777765838193223 0.030815972884496053
0 0.4814814894412045 0.015407986442248027 0.027777765838193223 0.030815972884496053
0 0.49074078053935594 0.015407986442248027 0.027777765838193223 0.030815972884496053
0 0.5 0.04827835957209269 0.027777765838193223 0.09655671914418539
0 0.5092592910981514 0.04827835957209269 0.027777765838193223 0.09655671914418539
0 0.5185185463775491 0.04827835957209269 0.02777780165694689 0.09655671914418539
0 0.5277778016569469 0.04827835957209269 0.02777780165694689 0.09655671914418539
0 0.5370370569363446 0.04827835957209269 0.02777780165694689 0.09655671914418539
0 0.5462963122157424 0.04827835957209269 0.027777765838193223 0.09655671914418539
0 0.5555556033138938 0.023625580469767253 0.027777765838193223 0.047251160939534506
0 0.5740741138726893 0.015407986442248027 0.027777765838193223 0.030815972884496053
0 0.5833333333333334 0.015407986442248027 0.027777765838193223 0.030815972884496053
0 0.5925926244314847 0.015407986442248027 0.027777765838193223 0.030815972884496053
0 0.6018519155296361 0.015407986442248027 0.02777780165694689 0.030815972884496053
0 0.6111111349902802 0.015407986442248027 0.027777765838193223 0.030815972884496053
0 0.6203703544509243 0.015407986442248027 0.02777780165694689 0.030815972884496053
0 0.6296296455490757 0.015407986442248027 0.02777780165694689 0.030815972884496053
0 0.6388889366472271 0.015407986442248027 0.02777780165694689 0.030815972884496053
0 0.6481482277453785 0.015407986442248027 0.02777780165694689 0.030815972884496053
0 0.6574074472060226 0.015407986442248027 0.027777730019439555 0.030815972884496053
0 0.6666666666666666 0.015407986442248027 0.02777780165694689 0.030815972884496053
0 0.6759259577648181 0.015407986442248027 0.027777730019439555 0.030815972884496053
0 0.6851852488629695 0.015407986442248027 0.02777780165694689 0.030815972884496053
0 0.6944444683236135 0.015407986442248027 0.027777730019439555 0.030815972884496053
0 0.7037036877842576 0.015407986442248027 0.02777780165694689 0.030815972884496053
0 0.8842592910981514 0.04827835957209269 0.05555560331389378 0.09655671914418539
0 0.8981482277453785 0.04827835957209269 0.04629624057823504 0.09655671914418539
0 0.9259259577648181 0.04827835957209269 0.06481482277453786 0.09655671914418539
0 0.9351852488629695 0.04827835957209269 0.06481482277453786 0.09655671914418539
0 0.9467592910981514 0.023625580469767253 0.10648141780369719 0.047251160939534506
0 0.9699074472060226 0.00719039390484492 0.06018510558795481 0.01438078780968984
0 0.974537021117591 0.015407986442248027 0.05092588612731074 0.030815972884496053
0 0.039351852846817234 0.015407986442248027 0.07870370569363447 0.030815972884496053
0 0.03240740690992472 0.015407986442248027 0.037037036788295695 0.030815972884496053
0 0.041666666666666664 0.023625580469767253 0.037037036788295695 0.047251160939534506
0 0.05092592642340862 0.023625580469767253 0.037037036788295695 0.047251160939534506
0 0.06018518618015056 0.023625580469767253 0.0370370390269678 0.047251160939534506
0 0.06481481381984944 0.04006076653798421 0.027777779270225848 0.08012153307596842
0 0.07870370569363447 0.04827835957209269 0.0370370390269678 0.09655671914418539
0 0.09259259756741949 0.023625580469767253 0.04629629878370974 0.047251160939534506
0 0.10185186180150566 0.023625580469767253 0.02777777479288164 0.047251160939534506
0 0.11111111708090339 0.023625580469767253 0.027777783747570055 0.047251160939534506
0 0.12962963659438728 0.023625580469767253 0.04629629430636554 0.047251160939534506
0 0.13888890082847344 0.023625580469767253 0.02777777479288164 0.047251160939534506
0 0.2037037236030113 0.023625580469767253 0.027777783747570055 0.047251160939534506
0 0.21296297888240903 0.023625580469767253 0.027777783747570055 0.047251160939534506
0 0.22685187971088247 0.023625580469767253 0.0370370390269678 0.047251160939534506
0 0.24074074472060225 0.023625580469767253 0.027777783747570055 0.047251160939534506
0 0.25 0.023625580469767253 0.027777783747570055 0.047251160939534506
0 0.25925927318877456 0.023625580469767253 0.027777765838193223 0.047251160939534506
0 0.2685185463775491 0.023625580469767253 0.027777783747570055 0.047251160939534506
0 0.32407411387268925 0.023625580469767253 0.027777765838193223 0.047251160939534506
0 0.3333333333333333 0.023625580469767253 0.027777765838193223 0.047251160939534506
0 0.34259262443148475 0.015407986442248027 0.027777765838193223 0.030815972884496053
0 0.3796296455490757 0.023625580469767253 0.02777780165694689 0.047251160939534506
0 0.3888889366472271 0.023625580469767253 0.027777765838193223 0.047251160939534506
0 0.3981481561078712 0.023625580469767253 0.027777765838193223 0.047251160939534506
0 0.4074074472060226 0.023625580469767253 0.027777765838193223 0.047251160939534506
0 0.4166666666666667 0.023625580469767253 0.027777765838193223 0.047251160939534506
0 0.42592595776481806 0.023625580469767253 0.027777765838193223 0.047251160939534506
0 0.4351851772254621 0.023625580469767253 0.027777765838193223 0.047251160939534506
0 0.44444446832361356 0.023625580469767253 0.02777780165694689 0.047251160939534506
0 0.4537037236030113 0.023625580469767253 0.02777780165694689 0.047251160939534506
0 0.46296297888240906 0.023625580469767253 0.02777780165694689 0.047251160939534506
0 0.4768518797108825 0.023625580469767253 0.03703702111759096 0.047251160939534506
0 0.5 0.023625580469767253 0.027777765838193223 0.047251160939534506
0 0.5092592910981514 0.023625580469767253 0.027777765838193223 0.047251160939534506
0 0.5185185463775491 0.023625580469767253 0.02777780165694689 0.047251160939534506
0 0.5277778016569469 0.023625580469767253 0.02777780165694689 0.047251160939534506
0 0.5370370569363446 0.023625580469767253 0.02777780165694689 0.047251160939534506
0 0.5462963122157424 0.023625580469767253 0.027777765838193223 0.047251160939534506
0 0.5648148227745379 0.023625580469767253 0.027777765838193223 0.047251160939534506
0 0.6064814894412045 0.023625580469767253 0.03703702111759096 0.047251160939534506
0 0.6157407805393559 0.023625580469767253 0.03703705693634463 0.047251160939534506
0 0.6574074472060226 0.023625580469767253 0.027777730019439555 0.047251160939534506
0 0.6851852488629695 0.023625580469767253 0.02777780165694689 0.047251160939534506
0 0.7083333333333334 0.015407986442248027 0.01851851055879548 0.030815972884496053
0 0.7268519155296361 0.023625580469767253 0.055555531676386445 0.047251160939534506
0 0.7592592910981514 0.015407986442248027 0.08333333333333333 0.030815972884496053
0 0.7777778016569469 0.015407986442248027 0.08333333333333333 0.030815972884496053
0 0.7962963122157424 0.015407986442248027 0.08333333333333333 0.030815972884496053
0 0.8148148227745379 0.015407986442248027 0.08333333333333333 0.030815972884496053
0 0.8333334049708406 0.015407986442248027 0.08333333333333333 0.030815972884496053
0 0.837962978882409 0.015407986442248027 0.0925925527939774 0.030815972884496053
0 0.8611111349902802 0.015407986442248027 0.08333333333333333 0.030815972884496053
0 0.8796296455490757 0.015407986442248027 0.08333333333333333 0.030815972884496053
0 0.8981482277453785 0.015407986442248027 0.08333340497084067 0.030815972884496053
0 0.875 0.015407986442248027 0.01851851055879548 0.030815972884496053
0 0.8796296455490757 0.023625580469767253 0.02777780165694689 0.047251160939534506
0 0.8888889366472271 0.023625580469767253 0.027777730019439555 0.047251160939534506
0 0.8981482277453785 0.023625580469767253 0.02777780165694689 0.047251160939534506
0 0.9074074472060226 0.023625580469767253 0.027777730019439555 0.047251160939534506
0 0.9166666666666666 0.023625580469767253 0.02777780165694689 0.047251160939534506
0 0.9305556033138938 0.023625580469767253 0.03703702111759096 0.047251160939534506
0 0.9490741138726893 0.023625580469767253 0.05555560331389378 0.047251160939534506
0 0.9490741138726893 0.023625580469767253 0.03703702111759096 0.047251160939534506
0 0.9490741855101966 0.031843173503875735 0.01851851055879548 0.06368634700775147
0 0.974537021117591 0.031843173503875735 0.05092588612731074 0.06368634700775147
0 0.962962978882409 0.015407986442248027 0.06481482277453786 0.030815972884496053
0 0.01620370457429841 0.023625580469767253 0.03240740914859682 0.047251160939534506
0 0.027777779270225848 0.04006076653798421 0.027777777031553742 0.08012153307596842
0 0.03240740690992472 0.06471354564030965 0.037037036788295695 0.1294270912806193
0 0.05092592642340862 0.06471354564030965 0.037037036788295695 0.1294270912806193
0 0.06018518618015056 0.06471354564030965 0.0370370390269678 0.1294270912806193
0 0.06944445041423672 0.06471354564030965 0.03703704350431201 0.1294270912806193
0 0.08333333333333333 0.07293113867441813 0.04629630326105395 0.14586227734883625
0 0.09259259756741949 0.07293113867441813 0.04629629878370974 0.14586227734883625
0 0.10648148944120452 0.04006076653798421 0.0370370390269678 0.08012153307596842
0 0.12037037236030113 0.06471354564030965 0.04629630326105395 0.1294270912806193
0 0.12962963659438728 0.06471354564030965 0.04629629430636554 0.1294270912806193
0 0.13888889187378503 0.07293113867441813 0.04629629430636554 0.14586227734883625
0 0.15740741138726894 0.07293113867441813 0.04629630326105395 0.14586227734883625
0 0.16666666666666666 0.06471354564030965 0.04629629430636554 0.1294270912806193
0 0.1759259219460644 0.056495952606201175 0.04629629430636554 0.11299190521240235
0 0.18518519513483897 0.056495952606201175 0.04629631221574237 0.11299190521240235
0 0.2037037236030113 0.056495952606201175 0.04629629430636554 0.11299190521240235
0 0.21296297888240903 0.056495952606201175 0.04629629430636554 0.11299190521240235
0 0.23611113499028022 0.031843173503875735 0.0370370390269678 0.06368634700775147
0 0.25925927318877456 0.031843173503875735 0.04629631221574237 0.06368634700775147
0 0.25925927318877456 0.056495952606201175 0.04629631221574237 0.11299190521240235
0 0.2731481561078712 0.056495952606201175 0.0370370390269678 0.11299190521240235
0 0.28240742929664575 0.056495952606201175 0.03703705693634463 0.11299190521240235
0 0.2962963122157424 0.056495952606201175 0.04629631221574237 0.11299190521240235
0 0.3055555674951401 0.056495952606201175 0.04629629430636554 0.11299190521240235
0 0.31944446832361356 0.056495952606201175 0.03703702111759096 0.11299190521240235
0 0.3287037236030113 0.056495952606201175 0.03703702111759096 0.11299190521240235
0 0.34259262443148475 0.056495952606201175 0.06481482277453786 0.11299190521240235
0 0.3564814894412045 0.056495952606201175 0.05555556749514011 0.11299190521240235
0 0.3564814894412045 0.056495952606201175 0.03703705693634463 0.11299190521240235
0 0.36574078053935594 0.056495952606201175 0.03703705693634463 0.11299190521240235
0 0.375 0.056495952606201175 0.03703705693634463 0.11299190521240235
0 0.38425929109815143 0.056495952606201175 0.03703705693634463 0.11299190521240235
0 0.3935185463775491 0.056495952606201175 0.03703702111759096 0.11299190521240235
0 0.4027778016569469 0.06471354564030965 0.03703702111759096 0.1294270912806193
0 0.43055560331389375 0.031843173503875735 0.05555556749514011 0.06368634700775147
0 0.4398148227745379 0.04006076653798421 0.05555556749514011 0.08012153307596842
0 0.4537037236030113 0.056495952606201175 0.04629631221574237 0.11299190521240235
0 0.46296297888240906 0.056495952606201175 0.04629631221574237 0.11299190521240235
0 0.47222223416180675 0.056495952606201175 0.04629631221574237 0.11299190521240235
0 0.4814814894412045 0.023625580469767253 0.0462962763969887 0.047251160939534506
0 0.5 0.023625580469767253 0.0462962763969887 0.047251160939534506
0 0.5509259577648181 0.056495952606201175 0.03703702111759096 0.11299190521240235
0 0.5601852130442159 0.06471354564030965 0.03703702111759096 0.1294270912806193
0 0.5694444683236135 0.06471354564030965 0.03703702111759096 0.1294270912806193
0 0.5787037236030113 0.06471354564030965 0.03703702111759096 0.1294270912806193
0 0.5925926244314847 0.06471354564030965 0.04629631221574237 0.1294270912806193
0 0.6018518438921289 0.06471354564030965 0.0462962763969887 0.1294270912806193
0 0.6111111349902802 0.031843173503875735 0.04629631221574237 0.06368634700775147
0 0.6203704260884316 0.031843173503875735 0.04629634803449604 0.06368634700775147
0 0.6342592910981514 0.056495952606201175 0.05555560331389378 0.11299190521240235
0 0.6342592910981514 0.056495952606201175 0.03703702111759096 0.11299190521240235
0 0.6481481561078711 0.056495952606201175 0.04629631221574237 0.11299190521240235
0 0.6574074472060226 0.04827835957209269 0.04629631221574237 0.09655671914418539
0 0.6666666666666666 0.031843173503875735 0.04629624057823504 0.06368634700775147
0 0.6759259577648181 0.056495952606201175 0.04629631221574237 0.11299190521240235
0 0.6944444683236135 0.04827835957209269 0.04629631221574237 0.09655671914418539
0 0.703703759421765 0.031843173503875735 0.04629631221574237 0.06368634700775147
0 0.7407407805393559 0.023625580469767253 0.10185191552963616 0.047251160939534506
0 0.7361111349902802 0.023625580469767253 0.03703702111759096 0.047251160939534506
0 0.7453704260884316 0.04006076653798421 0.03703702111759096 0.08012153307596842
0 0.7638889366472271 0.031843173503875735 0.03703702111759096 0.06368634700775147
0 0.7731482277453785 0.04006076653798421 0.0370370927550983 0.08012153307596842
0 0.7824074472060226 0.023625580469767253 0.03703702111759096 0.047251160939534506
0 0.7916666666666666 0.023625580469767253 0.0370370927550983 0.047251160939534506
0 0.8009259577648181 0.023625580469767253 0.03703702111759096 0.047251160939534506
0 0.8055556033138938 0.015407986442248027 0.04629631221574237 0.030815972884496053
0 0.8240741138726893 0.023625580469767253 0.027777730019439555 0.047251160939534506
0 0.837962978882409 0.023625580469767253 0.03703702111759096 0.047251160939534506
0 0.8518519155296361 0.023625580469767253 0.02777780165694689 0.047251160939534506
0 0.8564815610787119 0.023625580469767253 0.0370370927550983 0.047251160939534506
0 0.8657407805393559 0.023625580469767253 0.03703702111759096 0.047251160939534506
0 0.8796296455490757 0.04006076653798421 0.02777780165694689 0.08012153307596842
0 0.8888889366472271 0.056495952606201175 0.027777730019439555 0.11299190521240235
0 0.9027778016569469 0.06471354564030965 0.03703702111759096 0.1294270912806193
0 0.9166666666666666 0.06471354564030965 0.02777780165694689 0.1294270912806193
0 0.9351852488629695 0.06471354564030965 0.02777780165694689 0.1294270912806193
0 0.9490741138726893 0.04006076653798421 0.03703702111759096 0.08012153307596842
0 0.962962978882409 0.04006076653798421 0.02777780165694689 0.08012153307596842
0 0.9814815610787119 0.056495952606201175 0.02777780165694689 0.11299190521240235
0 0.9837963122157424 0.06471354564030965 0.03240737556851526 0.1294270912806193
0 0.039351852846817234 0.031843173503875735 0.07870370569363447 0.06368634700775147
0 0.0185185195134839 0.04006076653798421 0.027777779270225848 0.08012153307596842
0 0.0370370390269678 0.04006076653798421 0.027777777031553742 0.08012153307596842
0 0.041666666666666664 0.07293113867441813 0.037037036788295695 0.14586227734883625
0 0.06481481381984944 0.07293113867441813 0.027777779270225848 0.14586227734883625
0 0.07870370569363447 0.07293113867441813 0.018518523990828106 0.14586227734883625
0 0.0879629609730322 0.07293113867441813 0.0185185195134839 0.14586227734883625
0 0.09259259756741949 0.07293113867441813 0.027777783747570055 0.14586227734883625
0 0.09722222520711836 0.04827835957209269 0.0370370390269678 0.09655671914418539
0 0.10648148944120452 0.04006076653798421 0.0370370390269678 0.08012153307596842
0 0.12037037236030113 0.04006076653798421 0.02777777479288164 0.08012153307596842
0 0.12962963659438728 0.07293113867441813 0.04629629430636554 0.14586227734883625
0 0.15277778374757006 0.07293113867441813 0.01851851055879548 0.14586227734883625
0 0.17129631221574237 0.138671875 0.0370370390269678 0.27734375
0 0.18981482277453784 0.138671875 0.0370370390269678 0.27734375
0 0.19444446832361356 0.138671875 0.027777783747570055 0.27734375
0 0.18518519513483897 0.138671875 0.027777765838193223 0.27734375
0 0.21296297888240903 0.138671875 0.027777783747570055 0.27734375
0 0.22222223416180678 0.07293113867441813 0.027777765838193223 0.14586227734883625
0 0.22685187971088247 0.04006076653798421 0.0370370390269678 0.08012153307596842
0 0.24074074472060225 0.04006076653798421 0.027777783747570055 0.08012153307596842
0 0.25 0.04006076653798421 0.027777783747570055 0.08012153307596842
0 0.25925927318877456 0.04006076653798421 0.027777765838193223 0.08012153307596842
0 0.2546296455490757 0.04006076653798421 0.0370370390269678 0.08012153307596842
0 0.2777778016569469 0.04006076653798421 0.04629631221574237 0.08012153307596842
0 0.2916666845760435 0.138671875 0.05555556749514011 0.27734375
0 0.3055555674951401 0.138671875 0.027777783747570055 0.27734375
0 0.3055555674951401 0.138671875 0.04629629430636554 0.27734375
0 0.31944446832361356 0.138671875 0.03703702111759096 0.27734375
0 0.3287037236030113 0.138671875 0.03703702111759096 0.27734375
0 0.33796297888240906 0.138671875 0.055555531676386445 0.27734375
0 0.3518518797108825 0.138671875 0.04629631221574237 0.27734375
0 0.37037039026967794 0.138671875 0.04629631221574237 0.27734375
0 0.38425929109815143 0.138671875 0.05555556749514011 0.27734375
0 0.3981481561078712 0.138671875 0.0462962763969887 0.27734375
0 0.4074074472060226 0.07293113867441813 0.0462962763969887 0.14586227734883625
0 0.4120370569363446 0.07293113867441813 0.055555531676386445 0.14586227734883625
0 0.4212963122157424 0.07293113867441813 0.03703702111759096 0.14586227734883625
0 0.4351852130442158 0.07293113867441813 0.04629631221574237 0.14586227734883625
0 0.46296297888240906 0.056495952606201175 0.04629631221574237 0.11299190521240235
0 0.4814814894412045 0.138671875 0.0462962763969887 0.27734375
0 0.49074078053935594 0.138671875 0.0462962763969887 0.27734375
0 0.5 0.138671875 0.0462962763969887 0.27734375
0 0.5092592910981514 0.07293113867441813 0.04629631221574237 0.14586227734883625
0 0.5231481561078711 0.07293113867441813 0.05555556749514011 0.14586227734883625
0 0.5324074472060226 0.07293113867441813 0.05555556749514011 0.14586227734883625
0 0.5462963122157424 0.07293113867441813 0.04629631221574237 0.14586227734883625
0 0.5555556033138938 0.07293113867441813 0.0462962763969887 0.14586227734883625
0 0.587962978882409 0.07293113867441813 0.03703702111759096 0.14586227734883625
0 0.6064814894412045 0.07293113867441813 0.05555556749514011 0.14586227734883625
0 0.6111111349902802 0.07293113867441813 0.04629631221574237 0.14586227734883625
0 0.625 0.138671875 0.05555556749514011 0.27734375
0 0.6435185821963029 0.138671875 0.055555531676386445 0.27734375
0 0.6574074472060226 0.138671875 0.04629631221574237 0.27734375
0 0.6712963122157424 0.138671875 0.055555531676386445 0.27734375
0 0.6944444683236135 0.138671875 0.04629631221574237 0.27734375
0 0.703703759421765 0.06471354564030965 0.04629631221574237 0.1294270912806193
0 0.7175926244314847 0.015407986442248027 0.03703702111759096 0.030815972884496053
0 0.7314815610787119 0.04006076653798421 0.02777780165694689 0.08012153307596842
0 0.7546296455490757 0.015407986442248027 0.03703702111759096 0.030815972884496053
0 0.7592592910981514 0.04006076653798421 0.027777730019439555 0.08012153307596842
0 0.7685185821963029 0.031843173503875735 0.04629631221574237 0.06368634700775147
0 0.7824074472060226 0.04006076653798421 0.03703702111759096 0.08012153307596842
0 0.8055556033138938 0.023625580469767253 0.027777730019439555 0.047251160939534506
0 0.8009259577648181 0.015407986442248027 0.03703702111759096 0.030815972884496053
0 0.8240741138726893 0.015407986442248027 0.027777730019439555 0.030815972884496053
0 0.8333333333333334 0.031843173503875735 0.02777780165694689 0.06368634700775147
0 0.8518519155296361 0.023625580469767253 0.02777780165694689 0.047251160939534506
0 0.8611112066277875 0.04006076653798421 0.02777780165694689 0.08012153307596842
0 0.875 0.04006076653798421 0.0370370927550983 0.08012153307596842
