0 0.11111111708090339 0.00719039390484492 0.12037039026967797 0.01438078780968984
0 0.13425926423408616 0.00719039390484492 0.12962962763969887 0.01438078780968984
0 0.18518519513483897 0.00719039390484492 0.06481482277453786 0.01438078780968984
0 0.19444445041423672 0.015407986442248027 0.06481482277453786 0.030815972884496053
0 0.21759258861273106 0.00719039390484492 0.0370370390269678 0.01438078780968984
0 0.22222223416180678 0.00719039390484492 0.08333333333333333 0.01438078780968984
0 0.24537039026967797 0.00719039390484492 0.0370370390269678 0.01438078780968984
0 0.2685185463775491 0.0 0.027777783747570055 0.0
0 0.2685185463775491 0.00719039390484492 0.027777783747570055 0.01438078780968984
0 0.2777778016569469 0.00719039390484492 0.027777783747570055 0.01438078780968984
0 0.28240742929664575 0.00719039390484492 0.03703705693634463 0.01438078780968984
0 0.2916666845760435 0.015407986442248027 0.03703705693634463 0.030815972884496053
0 0.2962963122157424 0.00719039390484492 0.04629631221574237 0.01438078780968984
0 0.3101852130442158 0.015407986442248027 0.0370370390269678 0.030815972884496053
0 0.3287037236030113 0.00719039390484492 0.055555531676386445 0.01438078780968984
0 0.34259262443148475 0.00719039390484492 0.0462962763969887 0.01438078780968984
0 0.34259262443148475 0.00719039390484492 0.027777765838193223 0.01438078780968984
0 0.5092592910981514 0.00719039390484492 0.04629631221574237 0.01438078780968984
0 0.5509259577648181 0.00719039390484492 0.14814812028911753 0.01438078780968984
0 0.7361111349902802 0.015407986442248027 0.03703702111759096 0.030815972884496053
0 0.7453704260884316 0.015407986442248027 0.03703702111759096 0.030815972884496053
0 0.7592592910981514 0.015407986442248027 0.027777730019439555 0.030815972884496053
0 0.8148148944120452 0.00719039390484492 0.12037042608843163 0.01438078780968984
0 0.8009259577648181 0.00719039390484492 0.07407404223518192 0.01438078780968984
0 0.8240741138726893 0.00719039390484492 0.027777730019439555 0.01438078780968984
0 0.8888889366472271 0.00719039390484492 0.1203703544509243 0.01438078780968984
0 0.8657407805393559 0.00719039390484492 0.05555560331389378 0.01438078780968984
0 0.875 0.00719039390484492 0.055555531676386445 0.01438078780968984
0 0.9027778016569469 0.00719039390484492 0.03703702111759096 0.01438078780968984
0 0.9074074472060226 0.00719039390484492 0.027777730019439555 0.01438078780968984
0 0.9166666666666666 0.015407986442248027 0.02777780165694689 0.030815972884496053
0 0.9212963122157424 0.015407986442248027 0.0370370927550983 0.030815972884496053
0 0.9444445399611209 0.015407986442248027 0.06481482277453786 0.030815972884496053
0 0.9490741138726893 0.015407986442248027 0.05555560331389378 0.030815972884496053
0 0.04398148496386031 0.015407986442248027 0.08796296992772062 0.030815972884496053
0 0.055555558540451695 0.015407986442248027 0.10185186180150566 0.030815972884496053
0 0.06481481829719364 0.0 0.10185185284681723 0.0
0 0.055555558540451695 0.0 0.06481482277453786 0.0
0 0.0879629609730322 0.015407986442248027 0.09259259756741949 0.030815972884496053
0 0.07870370569363447 0.0 0.055555563017795906 0.0
0 0.09259259756741949 0.0 0.04629629878370974 0.0
0 0.11574074472060226 0.00719039390484492 0.09259258861273108 0.01438078780968984
0 0.10648148944120452 0.00719039390484492 0.055555558540451695 0.01438078780968984
0 0.11574074472060226 0.00719039390484492 0.055555558540451695 0.01438078780968984
0 0.13425926423408616 0.00719039390484492 0.05555554958576328 0.01438078780968984
0 0.16666666666666666 0.015407986442248027 0.10185186180150566 0.030815972884496053
0 0.17592593985544125 0.015407986442248027 0.10185185284681723 0.030815972884496053
0 0.18055556749514012 0.00719039390484492 0.09259259756741949 0.01438078780968984
0 0.1990740780539356 0.015407986442248027 0.0370370390269678 0.030815972884496053
0 0.20833333333333334 0.015407986442248027 0.0370370390269678 0.030815972884496053
0 0.22222223416180678 0.015407986442248027 0.027777765838193223 0.030815972884496053
0 0.23148148944120453 0.015407986442248027 0.04629629430636554 0.030815972884496053
0 0.23611113499028022 0.015407986442248027 0.0370370390269678 0.030815972884496053
0 0.25925927318877456 0.00719039390484492 0.027777765838193223 0.01438078780968984
0 0.26388890082847344 0.0 0.0370370390269678 0.0
0 0.2731481561078712 0.0 0.018518528468172316 0.0
0 0.2777778016569469 0.015407986442248027 0.027777783747570055 0.030815972884496053
0 0.28240742929664575 0.00719039390484492 0.03703705693634463 0.01438078780968984
0 0.30092595776481806 0.015407986442248027 0.0370370390269678 0.030815972884496053
0 0.3148148227745379 0.015407986442248027 0.027777765838193223 0.030815972884496053
0 0.32407411387268925 0.015407986442248027 0.027777765838193223 0.030815972884496053
0 0.3333333333333333 0.015407986442248027 0.027777765838193223 0.030815972884496053
0 0.34722223416180675 0.00719039390484492 0.03703702111759096 0.01438078780968984
0 0.37037039026967794 0.0 0.06481482277453786 0.0
0 0.4027778016569469 0.015407986442248027 0.11111113499028022 0.030815972884496053
0 0.4074074472060226 0.00719039390484492 0.10185187971088248 0.01438078780968984
0 0.43055560331389375 0.00719039390484492 0.09259258861273108 0.01438078780968984
0 0.4212963122157424 0.00719039390484492 0.055555531676386445 0.01438078780968984
0 0.4537037236030113 0.00719039390484492 0.08333333333333333 0.01438078780968984
0 0.44444446832361356 0.00719039390484492 0.04629631221574237 0.01438078780968984
0 0.4537037236030113 0.00719039390484492 0.04629631221574237 0.01438078780968984
0 0.46759262443148475 0.00719039390484492 0.05555556749514011 0.01438078780968984
0 0.48611113499028025 0.00719039390484492 0.055555531676386445 0.01438078780968984
0 0.49537039026967794 0.015407986442248027 0.055555531676386445 0.030815972884496053
0 0.5231481561078711 0.0 0.03703705693634463 0.0
0 0.5370370569363446 0.0 0.04629631221574237 0.0
0 0.5555555674951401 0.00719039390484492 0.06481482277453786 0.01438078780968984
0 0.5925926244314847 0.00719039390484492 0.08333333333333333 0.01438078780968984
0 0.6018519155296361 0.00719039390484492 0.083333369152087 0.01438078780968984
0 0.6203704260884316 0.00719039390484492 0.083333369152087 0.01438078780968984
0 0.6388889366472271 0.015407986442248027 0.06481482277453786 0.030815972884496053
0 0.662037021117591 0.00719039390484492 0.0925925527939774 0.01438078780968984
0 0.6851852488629695 0.00719039390484492 0.08333333333333333 0.01438078780968984
0 0.7083333333333334 0.00719039390484492 0.0925925527939774 0.01438078780968984
0 0.7314814894412045 0.00719039390484492 0.08333333333333333 0.01438078780968984
0 0.7222222699805605 0.00719039390484492 0.04629631221574237 0.01438078780968984
0 0.75 0.015407986442248027 0.02777780165694689 0.030815972884496053
0 0.7824074472060226 0.015407986442248027 0.07407404223518192 0.030815972884496053
0 0.8240741138726893 0.0 0.08333333333333333 0.0
0 0.8194444683236135 0.0 0.03703702111759096 0.0
0 0.8333333333333334 0.015407986442248027 0.02777780165694689 0.030815972884496053
0 0.8611112066277875 0.015407986442248027 0.06481482277453786 0.030815972884496053
0 0.8657407805393559 0.015407986442248027 0.07407404223518192 0.030815972884496053
0 0.8796296455490757 0.0 0.04629631221574237 0.0
0 0.8888889366472271 0.0 0.027777730019439555 0.0
0 0.8935185821963029 0.00719039390484492 0.01851851055879548 0.01438078780968984
0 0.9027778732944542 0.015407986442248027 0.01851851055879548 0.030815972884496053
0 0.9074074472060226 0.015407986442248027 0.027777730019439555 0.030815972884496053
0 0.9166666666666666 0.015407986442248027 0.02777780165694689 0.030815972884496053
0 0.9259259577648181 0.015407986442248027 0.02777780165694689 0.030815972884496053
0 0.9444445399611209 0.023625580469767253 0.06481482277453786 0.047251160939534506
0 0.9583334049708406 0.015407986442248027 0.03703702111759096 0.030815972884496053
0 0.9675926244314847 0.015407986442248027 0.03703702111759096 0.030815972884496053
0 0.9768519155296361 0.015407986442248027 0.03703702111759096 0.030815972884496053
0 0.9837963122157424 0.023625580469767253 0.03240737556851526 0.047251160939534506
0 0.020833333333333332 0.023625580469767253 0.041666666666666664 0.047251160939534506
0 0.020833333333333332 0.023625580469767253 0.041666666666666664 0.047251160939534506
0 0.027777779270225848 0.023625580469767253 0.04629629430636554 0.047251160939534506
0 0.0740740780539356 0.023625580469767253 0.10185186180150566 0.047251160939534506
0 0.08333333333333333 0.023625580469767253 0.10185185284681723 0.047251160939534506
0 0.06481481829719364 0.023625580469767253 0.04629630326105395 0.047251160939534506
0 0.0740740780539356 0.015407986442248027 0.04629629878370974 0.030815972884496053
0 0.11111111708090339 0.015407986442248027 0.10185185284681723 0.030815972884496053
0 0.11574074472060226 0.023625580469767253 0.11111112603559181 0.047251160939534506
0 0.10185186180150566 0.015407986442248027 0.04629630326105395 0.030815972884496053
0 0.125 0.023625580469767253 0.07407406909924717 0.047251160939534506
0 0.16203705693634463 0.023625580469767253 0.11111111708090339 0.047251160939534506
0 0.13888889187378503 0.023625580469767253 0.04629629430636554 0.047251160939534506
0 0.1481481561078712 0.023625580469767253 0.04629630326105395 0.047251160939534506
0 0.16203703902696778 0.023625580469767253 0.055555558540451695 0.047251160939534506
0 0.17592593985544125 0.023625580469767253 0.06481482277453786 0.047251160939534506
0 0.18518519513483897 0.023625580469767253 0.06481482277453786 0.047251160939534506
0 0.2037037236030113 0.015407986442248027 0.04629629430636554 0.030815972884496053
0 0.21296297888240903 0.04827835957209269 0.04629629430636554 0.09655671914418539
0 0.22685186180150566 0.04827835957209269 0.05555556749514011 0.09655671914418539
0 0.24074074472060225 0.023625580469767253 0.04629629430636554 0.047251160939534506
0 0.26388890082847344 0.015407986442248027 0.0370370390269678 0.030815972884496053
0 0.2731481561078712 0.04827835957209269 0.0370370390269678 0.09655671914418539
0 0.2870370569363446 0.04827835957209269 0.04629631221574237 0.09655671914418539
0 0.3055555674951401 0.04827835957209269 0.04629629430636554 0.09655671914418539
0 0.32407407805393557 0.04827835957209269 0.06481480486516102 0.09655671914418539
0 0.3518518797108825 0.04827835957209269 0.10185184389212881 0.09655671914418539
0 0.375 0.04827835957209269 0.11111109917152656 0.09655671914418539
0 0.38888890082847344 0.023625580469767253 0.1203703544509243 0.047251160939534506
0 0.37037039026967794 0.023625580469767253 0.06481482277453786 0.047251160939534506
0 0.38425929109815143 0.015407986442248027 0.05555556749514011 0.030815972884496053
0 0.4166666666666667 0.015407986442248027 0.10185187971088248 0.030815972884496053
0 0.4027778016569469 0.015407986442248027 0.055555531676386445 0.030815972884496053
0 0.4120370569363446 0.015407986442248027 0.03703702111759096 0.030815972884496053
0 0.4212963122157424 0.015407986442248027 0.03703702111759096 0.030815972884496053
0 0.4305555674951401 0.015407986442248027 0.03703702111759096 0.030815972884496053
0 0.4398148227745379 0.015407986442248027 0.03703705693634463 0.030815972884496053
0 0.4583333333333333 0.015407986442248027 0.05555556749514011 0.030815972884496053
0 0.4814814894412045 0.015407986442248027 0.10185187971088248 0.030815972884496053
0 0.5 0.015407986442248027 0.10185187971088248 0.030815972884496053
0 0.5092592910981514 0.015407986442248027 0.10185184389212881 0.030815972884496053
0 0.5046296455490757 0.015407986442248027 0.05555556749514011 0.030815972884496053
0 0.5046296455490757 0.015407986442248027 0.03703702111759096 0.030815972884496053
0 0.5509259577648181 0.015407986442248027 0.11111109917152656 0.030815972884496053
0 0.5787037236030113 0.015407986442248027 0.11111113499028022 0.030815972884496053
0 0.5694444683236135 0.015407986442248027 0.055555531676386445 0.030815972884496053
0 0.5787037236030113 0.015407986442248027 0.055555531676386445 0.030815972884496053
0 0.6064814894412045 0.015407986442248027 0.09259258861273108 0.030815972884496053
0 0.5925926244314847 0.015407986442248027 0.027777765838193223 0.030815972884496053
0 0.6157407805393559 0.015407986442248027 0.05555560331389378 0.030815972884496053
0 0.6342592910981514 0.015407986442248027 0.05555560331389378 0.030815972884496053
0 0.6481481561078711 0.015407986442248027 0.04629631221574237 0.030815972884496053
0 0.662037021117591 0.015407986442248027 0.055555531676386445 0.030815972884496053
0 0.6620370927550983 0.015407986442248027 0.03703702111759096 0.030815972884496053
0 0.6712963122157424 0.015407986442248027 0.03703702111759096 0.030815972884496053
0 0.6898148944120452 0.015407986442248027 0.055555531676386445 0.030815972884496053
0 0.6990741138726893 0.023625580469767253 0.05555560331389378 0.047251160939534506
0 0.6990741138726893 0.015407986442248027 0.03703702111759096 0.030815972884496053
0 0.7083333333333334 0.015407986442248027 0.0370370927550983 0.030815972884496053
0 0.7222222699805605 0.023625580469767253 0.06481482277453786 0.047251160939534506
0 0.7222222699805605 0.023625580469767253 0.04629631221574237 0.047251160939534506
0 0.7361111349902802 0.04827835957209269 0.03703702111759096 0.09655671914418539
0 0.7731482277453785 0.04827835957209269 0.0925925527939774 0.09655671914418539
0 0.787037021117591 0.015407986442248027 0.10185184389212881 0.030815972884496053
0 0.787037021117591 0.015407986442248027 0.06481482277453786 0.030815972884496053
0 0.8009259577648181 0.015407986442248027 0.05555560331389378 0.030815972884496053
0 0.8009259577648181 0.015407986442248027 0.03703702111759096 0.030815972884496053
0 0.8240741138726893 0.015407986442248027 0.04629631221574237 0.030815972884496053
0 0.828703759421765 0.04827835957209269 0.03703702111759096 0.09655671914418539
0 0.8472222699805605 0.015407986442248027 0.05555560331389378 0.030815972884496053
0 0.8611112066277875 0.023625580469767253 0.06481482277453786 0.047251160939534506
0 0.8703704260884316 0.015407986442248027 0.04629631221574237 0.030815972884496053
0 0.8796296455490757 0.015407986442248027 0.04629631221574237 0.030815972884496053
0 0.8981482277453785 0.015407986442248027 0.02777780165694689 0.030815972884496053
0 0.9074074472060226 0.015407986442248027 0.04629631221574237 0.030815972884496053
0 0.9212963122157424 0.015407986442248027 0.055555531676386445 0.030815972884496053
0 0.916666738304174 0.023625580469767253 0.04629631221574237 0.047251160939534506
0 0.9513889366472271 0.04827835957209269 0.09722219834305311 0.09655671914418539
0 0.9444445399611209 0.04006076653798421 0.06481482277453786 0.08012153307596842
0 0.953703759421765 0.023625580469767253 0.04629631221574237 0.047251160939534506
0 0.962962978882409 0.023625580469767253 0.04629624057823504 0.047251160939534506
0 0.039351852846817234 0.023625580469767253 0.07870370569363447 0.047251160939534506
0 0.05092592642340862 0.023625580469767253 0.09259259756741949 0.047251160939534506
0 0.06944445041423672 0.031843173503875735 0.11111111708090339 0.06368634700775147
0 0.06018519065749477 0.031843173503875735 0.055555558540451695 0.06368634700775147
0 0.06944445041423672 0.04827835957209269 0.03703704350431201 0.09655671914418539
0 0.07870370569363447 0.023625580469767253 0.0370370390269678 0.047251160939534506
0 0.08796296992772062 0.1304542859395345 0.03703704350431201 0.260908571879069
0 0.09259259756741949 0.04006076653798421 0.027777783747570055 0.08012153307596842
0 0.09722222520711836 0.04827835957209269 0.0370370390269678 0.09655671914418539
0 0.10185186180150566 0.04006076653798421 0.02777777479288164 0.08012153307596842
0 0.11111111708090339 0.04006076653798421 0.027777783747570055 0.08012153307596842
0 0.12037037236030113 0.04006076653798421 0.02777777479288164 0.08012153307596842
0 0.12962963659438728 0.04006076653798421 0.027777783747570055 0.08012153307596842
0 0.15277778374757006 0.04006076653798421 0.03703704798165621 0.08012153307596842
0 0.15277778374757006 0.04006076653798421 0.055555558540451695 0.08012153307596842
0 0.17129631221574237 0.031843173503875735 0.05555554958576328 0.06368634700775147
0 0.18055556749514012 0.023625580469767253 0.05555556749514011 0.047251160939534506
0 0.18055556749514012 0.023625580469767253 0.0740740780539356 0.047251160939534506
0 0.1990740780539356 0.023625580469767253 0.05555554958576328 0.047251160939534506
0 0.20833333333333334 0.04006076653798421 0.05555554958576328 0.08012153307596842
0 0.20833333333333334 0.031843173503875735 0.0370370390269678 0.06368634700775147
0 0.22222223416180678 0.04006076653798421 0.08333333333333333 0.08012153307596842
0 0.23611111708090338 0.023625580469767253 0.0740740780539356 0.047251160939534506
0 0.26388890082847344 0.023625580469767253 0.0370370390269678 0.047251160939534506
0 0.2685185463775491 0.1304542859395345 0.027777783747570055 0.260908571879069
0 0.2731481561078712 0.138671875 0.018518528468172316 0.27734375
0 0.2962963122157424 0.138671875 0.04629631221574237 0.27734375
0 0.3101852130442158 0.031843173503875735 0.0370370390269678 0.06368634700775147
0 0.3518518797108825 0.031843173503875735 0.10185184389212881 0.06368634700775147
0 0.37037039026967794 0.138671875 0.10185184389212881 0.27734375
0 0.38888890082847344 0.031843173503875735 0.10185184389212881 0.06368634700775147
0 0.3981481561078712 0.031843173503875735 0.10185184389212881 0.06368634700775147
0 0.4074074472060226 0.031843173503875735 0.10185187971088248 0.06368634700775147
0 0.4212963122157424 0.031843173503875735 0.09259258861273108 0.06368634700775147
0 0.4074074472060226 0.031843173503875735 0.027777765838193223 0.06368634700775147
0 0.4074074472060226 0.031843173503875735 0.0462962763969887 0.06368634700775147
0 0.4074074472060226 0.04006076653798421 0.06481478695578419 0.08012153307596842
0 0.44907411387268925 0.04006076653798421 0.12962960973032203 0.08012153307596842
0 0.46759262443148475 0.031843173503875735 0.11111109917152656 0.06368634700775147
0 0.48611113499028025 0.023625580469767253 0.11111113499028022 0.047251160939534506
0 0.49537039026967794 0.023625580469767253 0.11111113499028022 0.047251160939534506
0 0.5231481561078711 0.023625580469767253 0.11111109917152656 0.047251160939534506
0 0.5462963122157424 0.023625580469767253 0.10185184389212881 0.047251160939534506
0 0.5509259577648181 0.031843173503875735 0.12962964554907572 0.06368634700775147
0 0.583333369152087 0.030815974871317545 0.10185184389212881 0.03287037213643392
0 0.6018519155296361 0.031843173503875735 0.12037039026967797 0.06368634700775147
0 0.6111111349902802 0.031843173503875735 0.13888890082847344 0.06368634700775147
0 0.6342592910981514 0.023625580469767253 0.11111109917152656 0.047251160939534506
0 0.6481481561078711 0.031843173503875735 0.10185187971088248 0.06368634700775147
0 0.6574073755685153 0.031843173503875735 0.10185184389212881 0.06368634700775147
0 0.6759259577648181 0.023625580469767253 0.10185191552963616 0.047251160939534506
0 0.6898148944120452 0.015407986442248027 0.11111113499028022 0.030815972884496053
0 0.7037036877842576 0.031843173503875735 0.10185184389212881 0.06368634700775147
0 0.703703759421765 0.031843173503875735 0.04629631221574237 0.06368634700775147
0 0.7175926244314847 0.056495952606201175 0.05555560331389378 0.11299190521240235
0 0.7268519155296361 0.056495952606201175 0.055555531676386445 0.11299190521240235
0 0.7314814894412045 0.031843173503875735 0.04629631221574237 0.06368634700775147
0 0.7407407805393559 0.138671875 0.04629631221574237 0.27734375
0 0.75 0.138671875 0.04629624057823504 0.27734375
0 0.7638889366472271 0.138671875 0.03703702111759096 0.27734375
0 0.7731482277453785 0.015407986442248027 0.0370370927550983 0.030815972884496053
0 0.7777778732944542 0.023625580469767253 0.02777780165694689 0.047251160939534506
0 0.7916666666666666 0.031843173503875735 0.0370370927550983 0.06368634700775147
0 0.7962963122157424 0.031843173503875735 0.02777780165694689 0.06368634700775147
0 0.7962963122157424 0.023625580469767253 0.04629631221574237 0.047251160939534506
0 0.7962963122157424 0.06471354564030965 0.06481482277453786 0.1294270912806193
0 0.828703759421765 0.138671875 0.03703702111759096 0.27734375
0 0.8194445399611209 0.138671875 0.01851851055879548 0.27734375
0 0.8472222699805605 0.031843173503875735 0.03703702111759096 0.06368634700775147
0 0.8564815610787119 0.031843173503875735 0.0370370927550983 0.06368634700775147
0 0.8703703544509243 0.031843173503875735 0.06481482277453786 0.06368634700775147
0 0.875 0.023625580469767253 0.055555531676386445 0.047251160939534506
0 0.875 0.015407986442248027 0.055555531676386445 0.030815972884496053
0 0.8981482277453785 0.1304542859395345 0.04629624057823504 0.260908571879069
0 0.9120370927550983 0.1304542859395345 0.05555560331389378 0.260908571879069
0 0.9444445399611209 0.015407986442248027 0.10185184389212881 0.030815972884496053
0 0.9560185821963029 0.023625580469767253 0.0879629072449017 0.047251160939534506
0 0.9490741138726893 0.056495952606201175 0.05555560331389378 0.11299190521240235
0 0.974537021117591 0.031843173503875735 0.05092588612731074 0.06368634700775147
0 0.9791666666666666 0.056495952606201175 0.04166659502915933 0.11299190521240235
0 0.05324074472060226 0.047251160939534506 0.10648148944120452 0.06574074427286784
0 0.06018519065749477 0.04006076653798421 0.055555558540451695 0.08012153307596842
0 0.0740740780539356 0.04006076653798421 0.04629629878370974 0.08012153307596842
0 0.08796296992772062 0.04006076653798421 0.03703704350431201 0.08012153307596842
0 0.13425926423408616 0.047251160939534506 0.0370370390269678 0.06574074427286784
0 0.17129631221574237 0.047251160939534506 0.0370370390269678 0.06574074427286784
0 0.18518519513483897 0.07190393606821696 0.04629631221574237 0.11504630247751872
0 0.1990740780539356 0.07190393606821696 0.05555554958576328 0.11504630247751872
