0 0.04398148496386031 0.00719039390484492 0.08796296992772062 0.01438078780968984
0 0.05092592642340862 0.015407986442248027 0.09259259756741949 0.030815972884496053
0 0.03240740690992472 0.00719039390484492 0.037037036788295695 0.01438078780968984
0 0.04629629878370974 0.015407986442248027 0.027777777031553742 0.030815972884496053
0 0.06018518618015056 0.015407986442248027 0.0370370390269678 0.030815972884496053
0 0.10648148944120452 0.015407986442248027 0.09259259756741949 0.030815972884496053
0 0.1250000089546884 0.015407986442248027 0.0925926065221079 0.030815972884496053
0 0.1666666845760435 0.015407986442248027 0.08333334228802175 0.030815972884496053
0 0.15277778374757006 0.015407986442248027 0.03703704798165621 0.030815972884496053
0 0.16203705693634463 0.015407986442248027 0.0370370390269678 0.030815972884496053
0 0.17129631221574237 0.015407986442248027 0.0370370390269678 0.030815972884496053
0 0.18518519513483897 0.015407986442248027 0.027777765838193223 0.030815972884496053
0 0.18518519513483897 0.015407986442248027 0.04629631221574237 0.030815972884496053
0 0.2037037236030113 0.015407986442248027 0.027777783747570055 0.030815972884496053
0 0.21296297888240903 0.015407986442248027 0.027777783747570055 0.030815972884496053
0 0.23148148944120453 0.015407986442248027 0.027777783747570055 0.030815972884496053
0 0.24074074472060225 0.015407986442248027 0.04629629430636554 0.030815972884496053
0 0.24537039026967797 0.015407986442248027 0.0370370390269678 0.030815972884496053
0 0.25925927318877456 0.015407986442248027 0.027777765838193223 0.030815972884496053
0 0.2685185463775491 0.015407986442248027 0.027777783747570055 0.030815972884496053
0 0.2777778016569469 0.00719039390484492 0.027777783747570055 0.01438078780968984
0 0.2870370569363446 0.00719039390484492 0.02777780165694689 0.01438078780968984
0 0.2962963122157424 0.00719039390484492 0.027777783747570055 0.01438078780968984
0 0.3055555674951401 0.00719039390484492 0.027777783747570055 0.01438078780968984
0 0.3148148227745379 0.00719039390484492 0.027777765838193223 0.01438078780968984
0 0.32407411387268925 0.00719039390484492 0.027777765838193223 0.01438078780968984
0 0.3333333333333333 0.00719039390484492 0.027777765838193223 0.01438078780968984
0 0.34259262443148475 0.00719039390484492 0.027777765838193223 0.01438078780968984
0 0.3518518438921288 0.00719039390484492 0.027777765838193223 0.01438078780968984
0 0.36111113499028025 0.00719039390484492 0.02777780165694689 0.01438078780968984
0 0.37037039026967794 0.00719039390484492 0.02777780165694689 0.01438078780968984
0 0.3796296455490757 0.00719039390484492 0.02777780165694689 0.01438078780968984
0 0.3888889366472271 0.00719039390484492 0.027777765838193223 0.01438078780968984
0 0.3981481561078712 0.00719039390484492 0.027777765838193223 0.01438078780968984
0 0.4074074472060226 0.00719039390484492 0.027777765838193223 0.01438078780968984
0 0.3981481561078712 0.00719039390484492 0.06481482277453786 0.01438078780968984
0 0.4074074472060226 0.015407986442248027 0.06481478695578419 0.030815972884496053
0 0.44444446832361356 0.00719039390484492 0.02777780165694689 0.01438078780968984
0 0.4537037236030113 0.00719039390484492 0.02777780165694689 0.01438078780968984
0 0.46296297888240906 0.00719039390484492 0.02777780165694689 0.01438078780968984
0 0.47222226998056044 0.00719039390484492 0.027777765838193223 0.01438078780968984
0 0.4814814894412045 0.00719039390484492 0.027777765838193223 0.01438078780968984
0 0.49074078053935594 0.00719039390484492 0.027777765838193223 0.01438078780968984
0 0.5 0.00719039390484492 0.027777765838193223 0.01438078780968984
0 0.5092592910981514 0.00719039390484492 0.027777765838193223 0.01438078780968984
0 0.5185185463775491 0.00719039390484492 0.02777780165694689 0.01438078780968984
0 0.5277778016569469 0.015407986442248027 0.02777780165694689 0.030815972884496053
0 0.5370370569363446 0.015407986442248027 0.02777780165694689 0.030815972884496053
0 0.5462963122157424 0.00719039390484492 0.027777765838193223 0.01438078780968984
0 0.5555556033138938 0.00719039390484492 0.027777765838193223 0.01438078780968984
0 0.5648148227745379 0.015407986442248027 0.027777765838193223 0.030815972884496053
0 0.5740741138726893 0.00719039390484492 0.027777765838193223 0.01438078780968984
0 0.5833333333333334 0.00719039390484492 0.027777765838193223 0.01438078780968984
0 0.5925926244314847 0.00719039390484492 0.027777765838193223 0.01438078780968984
0 0.6342592910981514 0.00719039390484492 0.09259262443148474 0.01438078780968984
0 0.6342592910981514 0.015407986442248027 0.03703702111759096 0.030815972884496053
0 0.6481482277453785 0.015407986442248027 0.02777780165694689 0.030815972884496053
0 0.6574074472060226 0.015407986442248027 0.027777730019439555 0.030815972884496053
0 0.6805556033138938 0.015407986442248027 0.055555531676386445 0.030815972884496053
0 0.75 0.00719039390484492 0.10185184389212881 0.01438078780968984
0 0.7222222699805605 0.00719039390484492 0.17592595776481806 0.01438078780968984
0 0.7731482277453785 0.00719039390484492 0.11111113499028022 0.01438078780968984
0 0.8425926244314847 0.00719039390484492 0.08333333333333333 0.01438078780968984
0 0.8564815610787119 0.015407986442248027 0.0925925527939774 0.030815972884496053
0 0.8333333333333334 0.00719039390484492 0.02777780165694689 0.01438078780968984
0 0.8425926244314847 0.015407986442248027 0.027777730019439555 0.030815972884496053
0 0.8518519155296361 0.015407986442248027 0.02777780165694689 0.030815972884496053
0 0.8611112066277875 0.015407986442248027 0.02777780165694689 0.030815972884496053
0 0.8703703544509243 0.015407986442248027 0.02777780165694689 0.030815972884496053
0 0.8796296455490757 0.015407986442248027 0.02777780165694689 0.030815972884496053
0 0.8888889366472271 0.015407986442248027 0.027777730019439555 0.030815972884496053
0 0.8981482277453785 0.015407986442248027 0.02777780165694689 0.030815972884496053
0 0.9074074472060226 0.015407986442248027 0.027777730019439555 0.030815972884496053
0 0.9166666666666666 0.015407986442248027 0.02777780165694689 0.030815972884496053
0 0.916666738304174 0.015407986442248027 0.04629631221574237 0.030815972884496053
0 0.9259259577648181 0.015407986442248027 0.04629631221574237 0.030815972884496053
0 0.9444445399611209 0.015407986442248027 0.02777780165694689 0.030815972884496053
0 0.953703759421765 0.015407986442248027 0.027777730019439555 0.030815972884496053
0 0.953703759421765 0.015407986442248027 0.04629631221574237 0.030815972884496053
0 0.9791666666666666 0.00719039390484492 0.04166659502915933 0.01438078780968984
0 0.9791666666666666 0.00719039390484492 0.04166659502915933 0.01438078780968984
0 0.039351852846817234 0.015407986442248027 0.07870370569363447 0.030815972884496053
0 0.02546296321170431 0.00719039390484492 0.05092592642340862 0.01438078780968984
0 0.027777779270225848 0.015407986442248027 0.04629629430636554 0.030815972884496053
0 0.0370370390269678 0.015407986442248027 0.027777777031553742 0.030815972884496053
0 0.041666666666666664 0.00719039390484492 0.018518517274811793 0.01438078780968984
0 0.05092592642340862 0.015407986442248027 0.037037036788295695 0.030815972884496053
0 0.07870370569363447 0.015407986442248027 0.0370370390269678 0.030815972884496053
0 0.08796296992772062 0.015407986442248027 0.03703704350431201 0.030815972884496053
0 0.10648148944120452 0.015407986442248027 0.055555558540451695 0.030815972884496053
0 0.12037037236030113 0.015407986442248027 0.06481481381984944 0.030815972884496053
0 0.125 0.00719039390484492 0.055555558540451695 0.01438078780968984
0 0.13888889187378503 0.00719039390484492 0.04629629430636554 0.01438078780968984
0 0.1435185284681723 0.015407986442248027 0.03703703007227938 0.030815972884496053
0 0.1481481561078712 0.015407986442248027 0.02777777479288164 0.030815972884496053
0 0.15740741138726894 0.015407986442248027 0.027777783747570055 0.030815972884496053
0 0.19444446832361356 0.015407986442248027 0.027777783747570055 0.030815972884496053
0 0.20833333333333334 0.015407986442248027 0.018518528468172316 0.030815972884496053
0 0.2175926065221079 0.015407986442248027 0.01851851055879548 0.030815972884496053
0 0.22685186180150566 0.015407986442248027 0.01851851055879548 0.030815972884496053
0 0.23611113499028022 0.015407986442248027 0.018518528468172316 0.030815972884496053
0 0.24537039026967797 0.015407986442248027 0.018518528468172316 0.030815972884496053
0 0.25925927318877456 0.015407986442248027 0.027777765838193223 0.030815972884496053
0 0.2685185463775491 0.015407986442248027 0.027777783747570055 0.030815972884496053
0 0.3101852130442158 0.00719039390484492 0.01851851055879548 0.01438078780968984
0 0.36574078053935594 0.00719039390484492 0.01851854637754915 0.01438078780968984
0 0.38425929109815143 0.00719039390484492 0.01851851055879548 0.01438078780968984
0 0.4166666666666667 0.00719039390484492 0.027777765838193223 0.01438078780968984
0 0.42592595776481806 0.00719039390484492 0.027777765838193223 0.01438078780968984
0 0.4351851772254621 0.00719039390484492 0.027777765838193223 0.01438078780968984
0 0.44444446832361356 0.00719039390484492 0.02777780165694689 0.01438078780968984
0 0.4583333333333333 0.00719039390484492 0.01851854637754915 0.01438078780968984
0 0.46759262443148475 0.00719039390484492 0.01851851055879548 0.01438078780968984
0 0.4768518797108825 0.00719039390484492 0.01851851055879548 0.01438078780968984
0 0.49074078053935594 0.00719039390484492 0.027777765838193223 0.01438078780968984
0 0.5046296455490757 0.00719039390484492 0.01851851055879548 0.01438078780968984
0 0.5370370569363446 0.015407986442248027 0.02777780165694689 0.030815972884496053
0 0.5462963122157424 0.00719039390484492 0.027777765838193223 0.01438078780968984
0 0.5601852130442159 0.00719039390484492 0.01851851055879548 0.01438078780968984
0 0.587962978882409 0.015407986442248027 0.03703702111759096 0.030815972884496053
0 0.5972222341618068 0.00719039390484492 0.01851851055879548 0.01438078780968984
0 0.6064814894412045 0.00719039390484492 0.03703702111759096 0.01438078780968984
0 0.625 0.015407986442248027 0.05555556749514011 0.030815972884496053
0 0.662037021117591 0.015407986442248027 0.01851851055879548 0.030815972884496053
0 0.7175926244314847 0.015407986442248027 0.09259262443148474 0.030815972884496053
0 0.7314814894412045 0.00719039390484492 0.04629631221574237 0.01438078780968984
0 0.7407407805393559 0.00719039390484492 0.04629631221574237 0.01438078780968984
0 0.75 0.00719039390484492 0.04629624057823504 0.01438078780968984
0 0.7592592910981514 0.00719039390484492 0.04629631221574237 0.01438078780968984
0 0.7638889366472271 0.015407986442248027 0.05555560331389378 0.030815972884496053
0 0.7962963122157424 0.015407986442248027 0.08333333333333333 0.030815972884496053
0 0.8148148944120452 0.015407986442248027 0.10185184389212881 0.030815972884496053
0 0.8333334049708406 0.015407986442248027 0.08333333333333333 0.030815972884496053
0 0.8240741138726893 0.00719039390484492 0.04629631221574237 0.01438078780968984
0 0.8472222699805605 0.015407986442248027 0.01851851055879548 0.030815972884496053
0 0.9212963122157424 0.00719039390484492 0.01851851055879548 0.01438078780968984
0 0.9305556033138938 0.00719039390484492 0.018518582196302816 0.01438078780968984
0 0.9351852488629695 0.015407986442248027 0.02777780165694689 0.030815972884496053
0 0.9444445399611209 0.015407986442248027 0.02777780165694689 0.030815972884496053
0 0.9583334049708406 0.015407986442248027 0.03703702111759096 0.030815972884496053
0 0.9652778016569469 0.015407986442248027 0.06944439668610622 0.030815972884496053
0 0.974537021117591 0.0 0.05092588612731074 0.0
0 0.01620370457429841 0.015407986442248027 0.03240740914859682 0.030815972884496053
0 0.02546296321170431 0.015407986442248027 0.05092592642340862 0.030815972884496053
0 0.027777779270225848 0.04827835957209269 0.04629629430636554 0.09655671914418539
0 0.03240740690992472 0.015407986442248027 0.037037036788295695 0.030815972884496053
0 0.041666666666666664 0.015407986442248027 0.037037036788295695 0.030815972884496053
0 0.05092592642340862 0.04827835957209269 0.037037036788295695 0.09655671914418539
0 0.06018518618015056 0.015407986442248027 0.0370370390269678 0.030815972884496053
0 0.06944445041423672 0.015407986442248027 0.03703704350431201 0.030815972884496053
0 0.08333333333333333 0.056495952606201175 0.04629630326105395 0.11299190521240235
0 0.0879629609730322 0.015407986442248027 0.055555558540451695 0.030815972884496053
0 0.15277778374757006 0.015407986442248027 0.03703704798165621 0.030815972884496053
0 0.15740741138726894 0.056495952606201175 0.04629630326105395 0.11299190521240235
0 0.16666666666666666 0.06471354564030965 0.04629629430636554 0.1294270912806193
0 0.1759259219460644 0.06471354564030965 0.04629629430636554 0.1294270912806193
0 0.1990740780539356 0.056495952606201175 0.05555554958576328 0.11299190521240235
0 0.20833333333333334 0.04827835957209269 0.0370370390269678 0.09655671914418539
0 0.22222223416180678 0.056495952606201175 0.04629631221574237 0.11299190521240235
0 0.23611113499028022 0.056495952606201175 0.05555554958576328 0.11299190521240235
0 0.24537039026967797 0.06471354564030965 0.0370370390269678 0.1294270912806193
0 0.2546296455490757 0.056495952606201175 0.0370370390269678 0.11299190521240235
0 0.25925927318877456 0.015407986442248027 0.04629631221574237 0.030815972884496053
0 0.2777778016569469 0.015407986442248027 0.04629631221574237 0.030815972884496053
0 0.2870370569363446 0.015407986442248027 0.04629631221574237 0.030815972884496053
0 0.2962963122157424 0.015407986442248027 0.04629631221574237 0.030815972884496053
0 0.3055555674951401 0.015407986442248027 0.04629629430636554 0.030815972884496053
0 0.3148148227745379 0.015407986442248027 0.04629629430636554 0.030815972884496053
0 0.32407411387268925 0.015407986442248027 0.0462962763969887 0.030815972884496053
0 0.3333333333333333 0.015407986442248027 0.0462962763969887 0.030815972884496053
0 0.3518518797108825 0.015407986442248027 0.04629631221574237 0.030815972884496053
0 0.36111113499028025 0.015407986442248027 0.04629631221574237 0.030815972884496053
0 0.37037039026967794 0.015407986442248027 0.04629631221574237 0.030815972884496053
0 0.3796296455490757 0.015407986442248027 0.04629631221574237 0.030815972884496053
0 0.38888890082847344 0.015407986442248027 0.04629631221574237 0.030815972884496053
0 0.3981481561078712 0.015407986442248027 0.0462962763969887 0.030815972884496053
0 0.4074074472060226 0.015407986442248027 0.0462962763969887 0.030815972884496053
0 0.4166666666666667 0.015407986442248027 0.0462962763969887 0.030815972884496053
0 0.4351852130442158 0.015407986442248027 0.04629631221574237 0.030815972884496053
0 0.44444446832361356 0.015407986442248027 0.04629631221574237 0.030815972884496053
0 0.4537037236030113 0.015407986442248027 0.04629631221574237 0.030815972884496053
0 0.46759262443148475 0.015407986442248027 0.03703705693634463 0.030815972884496053
0 0.4768518797108825 0.015407986442248027 0.03703702111759096 0.030815972884496053
0 0.49074078053935594 0.015407986442248027 0.0462962763969887 0.030815972884496053
0 0.5 0.015407986442248027 0.0462962763969887 0.030815972884496053
0 0.5092592910981514 0.015407986442248027 0.04629631221574237 0.030815972884496053
0 0.5185185463775491 0.015407986442248027 0.04629631221574237 0.030815972884496053
0 0.5277778016569469 0.015407986442248027 0.04629631221574237 0.030815972884496053
0 0.5370370569363446 0.015407986442248027 0.04629631221574237 0.030815972884496053
0 0.5555555674951401 0.015407986442248027 0.06481482277453786 0.030815972884496053
0 0.5555556033138938 0.015407986442248027 0.0462962763969887 0.030815972884496053
0 0.5648148227745379 0.015407986442248027 0.0462962763969887 0.030815972884496053
0 0.5740741138726893 0.015407986442248027 0.0462962763969887 0.030815972884496053
0 0.5787037236030113 0.015407986442248027 0.03703702111759096 0.030815972884496053
0 0.6018519155296361 0.015407986442248027 0.06481482277453786 0.030815972884496053
0 0.6157407805393559 0.00719039390484492 0.05555560331389378 0.01438078780968984
0 0.6574073755685153 0.015407986442248027 0.06481482277453786 0.030815972884496053
0 0.6898148944120452 0.00719039390484492 0.055555531676386445 0.01438078780968984
0 0.7083333333333334 0.015407986442248027 0.055555531676386445 0.030815972884496053
0 0.7222222699805605 0.015407986442248027 0.04629631221574237 0.030815972884496053
0 0.7777778732944542 0.015407986442248027 0.10185184389212881 0.030815972884496053
0 0.8101852488629695 0.015407986442248027 0.055555531676386445 0.030815972884496053
0 0.8148148944120452 0.00719039390484492 0.04629624057823504 0.01438078780968984
0 0.828703759421765 0.015407986442248027 0.03703702111759096 0.030815972884496053
0 0.8564815610787119 0.015407986442248027 0.055555531676386445 0.030815972884496053
0 0.8703703544509243 0.015407986442248027 0.06481482277453786 0.030815972884496053
0 0.8981482277453785 0.015407986442248027 0.10185184389212881 0.030815972884496053
0 0.9120370927550983 0.015407986442248027 0.05555560331389378 0.030815972884496053
0 0.9259259577648181 0.015407986442248027 0.06481482277453786 0.030815972884496053
0 0.9398148944120452 0.04827835957209269 0.055555531676386445 0.09655671914418539
0 0.9444444683236135 0.04827835957209269 0.04629631221574237 0.09655671914418539
0 0.953703759421765 0.04827835957209269 0.04629631221574237 0.09655671914418539
0 0.962962978882409 0.04827835957209269 0.04629624057823504 0.09655671914418539
0 0.9722222699805605 0.015407986442248027 0.04629631221574237 0.030815972884496053
0 0.9791666666666666 0.015407986442248027 0.04166659502915933 0.030815972884496053
0 0.9930556033138938 0.015407986442248027 0.013888865009719777 0.030815972884496053
0 0.01620370457429841 0.1304542859395345 0.03240740914859682 0.260908571879069
0 0.02314814715318277 0.138671875 0.037037036788295695 0.27734375
0 0.03240740690992472 0.138671875 0.037037036788295695 0.27734375
0 0.06018519065749477 0.138671875 0.09259259756741949 0.27734375
0 0.06481481829719364 0.138671875 0.04629630326105395 0.27734375
0 0.07870370569363447 0.138671875 0.055555563017795906 0.27734375
0 0.0879629609730322 0.1304542859395345 0.055555558540451695 0.260908571879069
0 0.10185186180150566 0.138671875 0.04629630326105395 0.27734375
0 0.12037037236030113 0.138671875 0.04629630326105395 0.27734375
0 0.12962963659438728 0.138671875 0.04629629430636554 0.27734375
0 0.1435185284681723 0.04006076653798421 0.0740740780539356 0.08012153307596842
0 0.1666666845760435 0.138671875 0.08333334228802175 0.27734375
0 0.15740741138726894 0.138671875 0.04629630326105395 0.27734375
0 0.16666666666666666 0.138671875 0.04629629430636554 0.27734375
0 0.1759259219460644 0.138671875 0.04629629430636554 0.27734375
0 0.18518519513483897 0.138671875 0.04629631221574237 0.27734375
0 0.19444446832361356 0.138671875 0.04629629430636554 0.27734375
0 0.2037037236030113 0.138671875 0.04629629430636554 0.27734375
0 0.2175926065221079 0.138671875 0.05555556749514011 0.27734375
0 0.23148148944120453 0.138671875 0.04629629430636554 0.27734375
0 0.24074074472060225 0.138671875 0.04629629430636554 0.27734375
0 0.25 0.138671875 0.04629629430636554 0.27734375
0 0.25925927318877456 0.138671875 0.04629631221574237 0.27734375
0 0.273148174017248 0.138671875 0.05555556749514011 0.27734375
0 0.2916666845760435 0.015407986442248027 0.05555556749514011 0.030815972884496053
0 0.32407411387268925 0.1304542859395345 0.0462962763969887 0.260908571879069
0 0.3333333333333333 0.138671875 0.0462962763969887 0.27734375
0 0.34259262443148475 0.138671875 0.0462962763969887 0.27734375
0 0.3518518797108825 0.1304542859395345 0.04629631221574237 0.260908571879069
0 0.36111113499028025 0.015407986442248027 0.04629631221574237 0.030815972884496053
0 0.375 0.015407986442248027 0.05555556749514011 0.030815972884496053
0 0.3935185105587955 0.015407986442248027 0.05555556749514011 0.030815972884496053
0 0.42592595776481806 0.023625580469767253 0.0462962763969887 0.047251160939534506
0 0.44907411387268925 0.023625580469767253 0.03703705693634463 0.047251160939534506
0 0.4583333333333333 0.023625580469767253 0.03703705693634463 0.047251160939534506
0 0.47222223416180675 0.023625580469767253 0.04629631221574237 0.047251160939534506
0 0.4814814894412045 0.138671875 0.0462962763969887 0.27734375
0 0.49074078053935594 0.138671875 0.0462962763969887 0.27734375
0 0.5 0.138671875 0.0462962763969887 0.27734375
0 0.5092592910981514 0.138671875 0.04629631221574237 0.27734375
0 0.5277778016569469 0.023625580469767253 0.04629631221574237 0.047251160939534506
0 0.5370370569363446 0.023625580469767253 0.04629631221574237 0.047251160939534506
0 0.5462963122157424 0.023625580469767253 0.04629631221574237 0.047251160939534506
0 0.5648148227745379 0.138671875 0.0462962763969887 0.27734375
0 0.5740741138726893 0.138671875 0.0462962763969887 0.27734375
0 0.587962978882409 0.023625580469767253 0.05555556749514011 0.047251160939534506
0 0.6018519155296361 0.023625580469767253 0.06481482277453786 0.047251160939534506
0 0.6157407805393559 0.023625580469767253 0.05555560331389378 0.047251160939534506
0 0.6203703544509243 0.015407986442248027 0.06481482277453786 0.030815972884496053
0 0.6342592910981514 0.015407986442248027 0.05555560331389378 0.030815972884496053
0 0.6481482277453785 0.023625580469767253 0.06481482277453786 0.047251160939534506
0 0.6805556033138938 0.023625580469767253 0.11111113499028022 0.047251160939534506
0 0.703703759421765 0.023625580469767253 0.1203703544509243 0.047251160939534506
0 0.6851852488629695 0.023625580469767253 0.04629624057823504 0.047251160939534506
0 0.6944444683236135 0.023625580469767253 0.04629631221574237 0.047251160939534506
0 0.7361112066277875 0.023625580469767253 0.11111113499028022 0.047251160939534506
0 0.7592592910981514 0.023625580469767253 0.1203703544509243 0.047251160939534506
0 0.7777778016569469 0.023625580469767253 0.1203703544509243 0.047251160939534506
0 0.8055556033138938 0.023625580469767253 0.1203703544509243 0.047251160939534506
0 0.8148148944120452 0.023625580469767253 0.12037042608843163 0.047251160939534506
0 0.8055556033138938 0.023625580469767253 0.04629631221574237 0.047251160939534506
0 0.8194445399611209 0.015407986442248027 0.055555531676386445 0.030815972884496053
0 0.8333333333333334 0.138671875 0.06481482277453786 0.27734375
0 0.8425926244314847 0.023625580469767253 0.06481482277453786 0.047251160939534506
0 0.875 0.023625580469767253 0.11111113499028022 0.047251160939534506
0 0.9027778732944542 0.023625580469767253 0.11111113499028022 0.047251160939534506
0 0.912037021117591 0.030815974871317545 0.11111113499028022 0.03287037213643392
0 0.9259259577648181 0.023625580469767253 0.1203703544509243 0.047251160939534506
0 0.9467592910981514 0.023625580469767253 0.10648141780369719 0.047251160939534506
0 0.9351852488629695 0.138671875 0.06481482277453786 0.27734375
0 0.9490741138726893 0.138671875 0.05555560331389378 0.27734375
0 0.9675926244314847 0.138671875 0.055555531676386445 0.27734375
0 0.974537021117591 0.056495952606201175 0.05092588612731074 0.11299190521240235
0 0.9837963122157424 0.04827835957209269 0.03240737556851526 0.09655671914418539
0 0.9791666666666666 0.06471354564030965 0.04166659502915933 0.1294270912806193
0 0.01620370457429841 0.039033567905426024 0.03240740914859682 0.04930555820465088
0 0.020833333333333332 0.04006076653798421 0.041666666666666664 0.08012153307596842
0 0.020833333333333332 0.031843173503875735 0.041666666666666664 0.06368634700775147
0 0.0370370390269678 0.031843173503875735 0.06481481381984944 0.06368634700775147
