0 0.04861111260355918 0.00719039390484492 0.09722222520711836 0.01438078780968984
0 0.06481481829719364 0.00719039390484492 0.08333334228802175 0.01438078780968984
0 0.13425926423408616 0.00719039390484492 0.11111111708090339 0.01438078780968984
0 0.18981482277453784 0.00719039390484492 0.1481481561078712 0.01438078780968984
0 0.21759258861273106 0.00719039390484492 0.11111111708090339 0.01438078780968984
0 0.24074074472060225 0.00719039390484492 0.08333335124271017 0.01438078780968984
0 0.25925929109815143 0.00719039390484492 0.08333335124271017 0.01438078780968984
0 0.2777778016569469 0.00719039390484492 0.08333335124271017 0.01438078780968984
0 0.3101851772254621 0.023625580469767253 0.11111109917152656 0.047251160939534506
0 0.4583333333333333 0.00719039390484492 0.11111109917152656 0.01438078780968984
0 0.49074078053935594 0.00719039390484492 0.083333369152087 0.01438078780968984
0 0.9212963122157424 0.015407986442248027 0.12962964554907572 0.030815972884496053
0 0.9606481561078711 0.00719039390484492 0.07870368778425763 0.01438078780968984
0 0.9560185821963029 0.00719039390484492 0.0879629072449017 0.01438078780968984
0 0.9722222699805605 0.00719039390484492 0.04629631221574237 0.01438078780968984
0 0.039351852846817234 0.015407986442248027 0.07870370569363447 0.030815972884496053
0 0.08333333333333333 0.015407986442248027 0.08333334228802175 0.030815972884496053
0 0.10185186180150566 0.015407986442248027 0.08333334228802175 0.030815972884496053
0 0.12037037236030113 0.015407986442248027 0.08333333333333333 0.030815972884496053
0 0.1481481561078712 0.015407986442248027 0.08333333333333333 0.030815972884496053
0 0.1666666845760435 0.015407986442248027 0.08333334228802175 0.030815972884496053
0 0.18981482277453784 0.015407986442248027 0.09259258861273108 0.030815972884496053
0 0.22222223416180678 0.015407986442248027 0.08333333333333333 0.030815972884496053
0 0.2500000179093768 0.015407986442248027 0.08333333333333333 0.030815972884496053
0 0.25925929109815143 0.015407986442248027 0.08333335124271017 0.030815972884496053
0 0.2685185463775491 0.015407986442248027 0.08333335124271017 0.030815972884496053
0 0.2870370569363446 0.015407986442248027 0.08333333333333333 0.030815972884496053
0 0.3055555674951401 0.015407986442248027 0.08333333333333333 0.030815972884496053
0 0.32407407805393557 0.015407986442248027 0.0833333154239565 0.030815972884496053
0 0.34259262443148475 0.015407986442248027 0.08333333333333333 0.030815972884496053
0 0.36111113499028025 0.015407986442248027 0.08333333333333333 0.030815972884496053
0 0.3796296455490757 0.015407986442248027 0.08333333333333333 0.030815972884496053
0 0.3981481561078712 0.015407986442248027 0.08333333333333333 0.030815972884496053
0 0.4166667024854203 0.015407986442248027 0.08333333333333333 0.030815972884496053
0 0.4351852130442158 0.015407986442248027 0.08333333333333333 0.030815972884496053
0 0.4537037236030113 0.015407986442248027 0.08333333333333333 0.030815972884496053
0 0.47222223416180675 0.015407986442248027 0.08333333333333333 0.030815972884496053
0 0.5000000358187536 0.015407986442248027 0.08333333333333333 0.030815972884496053
0 0.5185185463775491 0.015407986442248027 0.08333333333333333 0.030815972884496053
0 0.5370370569363446 0.00719039390484492 0.08333333333333333 0.01438078780968984
0 0.5555555674951401 0.015407986442248027 0.08333333333333333 0.030815972884496053
0 0.5648148227745379 0.00719039390484492 0.08333333333333333 0.01438078780968984
0 0.5833333333333334 0.00719039390484492 0.08333329751457967 0.01438078780968984
0 0.6018519155296361 0.00719039390484492 0.083333369152087 0.01438078780968984
0 0.6203704260884316 0.0 0.083333369152087 0.0
0 0.6388889366472271 0.00719039390484492 0.083333369152087 0.01438078780968984
0 0.6481481561078711 0.015407986442248027 0.08333333333333333 0.030815972884496053
0 0.6666666666666666 0.015407986442248027 0.08333333333333333 0.030815972884496053
0 0.6851852488629695 0.00719039390484492 0.08333333333333333 0.01438078780968984
0 0.6944444683236135 0.015407986442248027 0.08333333333333333 0.030815972884496053
0 0.6805556033138938 0.015407986442248027 0.03703702111759096 0.030815972884496053
0 0.7175926244314847 0.0 0.09259262443148474 0.0
0 0.7268519155296361 0.015407986442248027 0.0925925527939774 0.030815972884496053
0 0.75 0.015407986442248027 0.08333340497084067 0.030815972884496053
0 0.7592592910981514 0.00719039390484492 0.08333333333333333 0.01438078780968984
0 0.7685185821963029 0.015407986442248027 0.08333333333333333 0.030815972884496053
0 0.7777778016569469 0.015407986442248027 0.08333333333333333 0.030815972884496053
0 0.7962963122157424 0.00719039390484492 0.08333333333333333 0.01438078780968984
0 0.8148148227745379 0.015407986442248027 0.08333333333333333 0.030815972884496053
0 0.8333334049708406 0.015407986442248027 0.08333333333333333 0.030815972884496053
0 0.8518519155296361 0.015407986442248027 0.08333333333333333 0.030815972884496053
0 0.8333333333333334 0.015407986442248027 0.02777780165694689 0.030815972884496053
0 0.8425926244314847 0.015407986442248027 0.027777730019439555 0.030815972884496053
0 0.8564815610787119 0.015407986442248027 0.055555531676386445 0.030815972884496053
0 0.8888889366472271 0.015407986442248027 0.08333333333333333 0.030815972884496053
0 0.8888889366472271 0.015407986442248027 0.027777730019439555 0.030815972884496053
0 0.8935185821963029 0.015407986442248027 0.03703702111759096 0.030815972884496053
0 0.9120370927550983 0.015407986442248027 0.05555560331389378 0.030815972884496053
0 0.9120370927550983 0.015407986442248027 0.03703702111759096 0.030815972884496053
0 0.9212963122157424 0.015407986442248027 0.0370370927550983 0.030815972884496053
0 0.9398148944120452 0.015407986442248027 0.055555531676386445 0.030815972884496053
0 0.9490741138726893 0.015407986442248027 0.05555560331389378 0.030815972884496053
0 0.9444444683236135 0.00719039390484492 0.04629631221574237 0.01438078780968984
0 0.962962978882409 0.00719039390484492 0.06481482277453786 0.01438078780968984
0 0.9791666666666666 0.00719039390484492 0.04166659502915933 0.01438078780968984
0 0.9652778016569469 0.015407986442248027 0.06944439668610622 0.030815972884496053
0 0.9699074472060226 0.0 0.06018510558795481 0.0
0 0.020833333333333332 0.015407986442248027 0.041666666666666664 0.030815972884496053
0 0.027777779270225848 0.015407986442248027 0.04629629430636554 0.030815972884496053
0 0.06018518618015056 0.015407986442248027 0.0740740780539356 0.030815972884496053
0 0.06944445041423672 0.015407986442248027 0.0740740780539356 0.030815972884496053
0 0.08333333333333333 0.023625580469767253 0.08333334228802175 0.047251160939534506
0 0.09259259756741949 0.023625580469767253 0.08333333333333333 0.047251160939534506
0 0.08333333333333333 0.023625580469767253 0.04629630326105395 0.047251160939534506
0 0.08333333333333333 0.015407986442248027 0.027777779270225848 0.030815972884496053
0 0.09259259756741949 0.023625580469767253 0.027777783747570055 0.047251160939534506
0 0.10648148944120452 0.015407986442248027 0.0185185195134839 0.030815972884496053
0 0.11574074472060226 0.015407986442248027 0.0185185195134839 0.030815972884496053
0 0.1435185284681723 0.023625580469767253 0.0740740780539356 0.047251160939534506
0 0.18518519513483897 0.023625580469767253 0.04629631221574237 0.047251160939534506
0 0.19444446832361356 0.015407986442248027 0.04629629430636554 0.030815972884496053
0 0.19444446832361356 0.015407986442248027 0.027777783747570055 0.030815972884496053
0 0.20833333333333334 0.015407986442248027 0.018518528468172316 0.030815972884496053
0 0.23148148944120453 0.015407986442248027 0.027777783747570055 0.030815972884496053
0 0.24074074472060225 0.015407986442248027 0.027777783747570055 0.030815972884496053
0 0.25 0.015407986442248027 0.027777783747570055 0.030815972884496053
0 0.25925927318877456 0.015407986442248027 0.027777765838193223 0.030815972884496053
0 0.2685185463775491 0.015407986442248027 0.027777783747570055 0.030815972884496053
0 0.2777778016569469 0.015407986442248027 0.027777783747570055 0.030815972884496053
0 0.2870370569363446 0.015407986442248027 0.02777780165694689 0.030815972884496053
0 0.30092595776481806 0.015407986442248027 0.018518528468172316 0.030815972884496053
0 0.3101852130442158 0.015407986442248027 0.01851851055879548 0.030815972884496053
0 0.31944446832361356 0.015407986442248027 0.01851851055879548 0.030815972884496053
0 0.32407411387268925 0.015407986442248027 0.027777765838193223 0.030815972884496053
0 0.3333333333333333 0.015407986442248027 0.027777765838193223 0.030815972884496053
0 0.34259262443148475 0.023625580469767253 0.027777765838193223 0.047251160939534506
0 0.36111113499028025 0.023625580469767253 0.04629631221574237 0.047251160939534506
0 0.38888890082847344 0.023625580469767253 0.08333333333333333 0.047251160939534506
0 0.38888890082847344 0.015407986442248027 0.04629631221574237 0.030815972884496053
0 0.3888889366472271 0.015407986442248027 0.027777765838193223 0.030815972884496053
0 0.4027778016569469 0.015407986442248027 0.01851851055879548 0.030815972884496053
0 0.4120370569363446 0.015407986442248027 0.01851851055879548 0.030815972884496053
0 0.4212963122157424 0.015407986442248027 0.01851851055879548 0.030815972884496053
0 0.4305555674951401 0.015407986442248027 0.01851851055879548 0.030815972884496053
0 0.4398148227745379 0.015407986442248027 0.01851851055879548 0.030815972884496053
0 0.49074078053935594 0.015407986442248027 0.027777765838193223 0.030815972884496053
0 0.5 0.015407986442248027 0.027777765838193223 0.030815972884496053
0 0.5138889008284735 0.015407986442248027 0.01851851055879548 0.030815972884496053
0 0.5231481561078711 0.015407986442248027 0.01851854637754915 0.030815972884496053
0 0.5324074472060226 0.015407986442248027 0.01851854637754915 0.030815972884496053
0 0.5370370569363446 0.015407986442248027 0.02777780165694689 0.030815972884496053
0 0.5462963122157424 0.015407986442248027 0.027777765838193223 0.030815972884496053
0 0.5601852130442159 0.015407986442248027 0.01851851055879548 0.030815972884496053
0 0.5694444683236135 0.015407986442248027 0.01851851055879548 0.030815972884496053
0 0.5740741138726893 0.015407986442248027 0.027777765838193223 0.030815972884496053
0 0.5833333333333334 0.015407986442248027 0.027777765838193223 0.030815972884496053
0 0.5972222341618068 0.015407986442248027 0.01851851055879548 0.030815972884496053
0 0.6064814894412045 0.015407986442248027 0.01851854637754915 0.030815972884496053
0 0.6157407089018486 0.015407986442248027 0.01851851055879548 0.030815972884496053
0 0.625 0.023625580469767253 0.01851851055879548 0.047251160939534506
0 0.6296296455490757 0.023625580469767253 0.02777780165694689 0.047251160939534506
0 0.6435185821963029 0.023625580469767253 0.01851851055879548 0.047251160939534506
0 0.6481482277453785 0.023625580469767253 0.02777780165694689 0.047251160939534506
0 0.6574074472060226 0.023625580469767253 0.027777730019439555 0.047251160939534506
0 0.6712963122157424 0.023625580469767253 0.01851851055879548 0.047251160939534506
0 0.6898148227745379 0.023625580469767253 0.03703702111759096 0.047251160939534506
0 0.712962978882409 0.023625580469767253 0.08333333333333333 0.047251160939534506
0 0.7314814894412045 0.023625580469767253 0.08333333333333333 0.047251160939534506
0 0.75 0.023625580469767253 0.08333340497084067 0.047251160939534506
0 0.7314815610787119 0.015407986442248027 0.02777780165694689 0.030815972884496053
0 0.7453703544509243 0.015407986442248027 0.01851851055879548 0.030815972884496053
0 0.7962963122157424 0.015407986442248027 0.08333333333333333 0.030815972884496053
0 0.8055556033138938 0.023625580469767253 0.08333333333333333 0.047251160939534506
0 0.8194444683236135 0.023625580469767253 0.07407404223518192 0.047251160939534506
0 0.8333334049708406 0.023625580469767253 0.08333333333333333 0.047251160939534506
0 0.8518519155296361 0.023625580469767253 0.08333333333333333 0.047251160939534506
0 0.8657407805393559 0.023625580469767253 0.07407404223518192 0.047251160939534506
0 0.875 0.023625580469767253 0.07407411387268927 0.047251160939534506
0 0.8657407805393559 0.023625580469767253 0.03703702111759096 0.047251160939534506
0 0.916666738304174 0.023625580469767253 0.08333333333333333 0.047251160939534506
0 0.9398148944120452 0.023625580469767253 0.0925925527939774 0.047251160939534506
0 0.9490741138726893 0.023625580469767253 0.09259262443148474 0.047251160939534506
0 0.9583334049708406 0.023625580469767253 0.03703702111759096 0.047251160939534506
0 0.9675926244314847 0.031843173503875735 0.03703702111759096 0.06368634700775147
0 0.9791666666666666 0.023625580469767253 0.04166659502915933 0.047251160939534506
0 0.9837963122157424 0.031843173503875735 0.03240737556851526 0.06368634700775147
0 0.039351852846817234 0.039033567905426024 0.07870370569363447 0.04930555820465088
0 0.0185185195134839 0.039033567905426024 0.027777779270225848 0.04930555820465088
0 0.01620370457429841 0.06368634700775147 0.03240740914859682 0.09861111640930176
0 0.0370370390269678 0.1304542859395345 0.027777777031553742 0.260908571879069
0 0.07870370569363447 0.039033567905426024 0.09259259756741949 0.04930555820465088
0 0.0740740780539356 0.031843173503875735 0.06481482277453786 0.06368634700775147
0 0.08796296992772062 0.056495952606201175 0.03703704350431201 0.11299190521240235
0 0.08333333333333333 0.04006076653798421 0.04629630326105395 0.08012153307596842
0 0.09259259756741949 0.047251160939534506 0.04629629878370974 0.06574074427286784
0 0.11111111708090339 0.04006076653798421 0.08333333333333333 0.08012153307596842
0 0.11574074472060226 0.06368634700775147 0.09259258861273108 0.09861111640930176
0 0.12962964554907572 0.056495952606201175 0.08333334228802175 0.11299190521240235
0 0.1435185284681723 0.056495952606201175 0.05555556749514011 0.11299190521240235
0 0.16203703902696778 0.04827835957209269 0.055555558540451695 0.09655671914418539
0 0.18055556749514012 0.04827835957209269 0.05555556749514011 0.09655671914418539
0 0.19444446832361356 0.056495952606201175 0.04629629430636554 0.11299190521240235
0 0.2037037236030113 0.056495952606201175 0.04629629430636554 0.11299190521240235
0 0.21296297888240903 0.04006076653798421 0.06481482277453786 0.08012153307596842
0 0.22222223416180678 0.056495952606201175 0.06481482277453786 0.11299190521240235
0 0.24074074472060225 0.031843173503875735 0.04629629430636554 0.06368634700775147
0 0.25 0.031843173503875735 0.04629629430636554 0.06368634700775147
0 0.25925927318877456 0.031843173503875735 0.04629631221574237 0.06368634700775147
0 0.2685185463775491 0.04827835957209269 0.04629629430636554 0.09655671914418539
0 0.2777778016569469 0.04827835957209269 0.04629631221574237 0.09655671914418539
0 0.2916666845760435 0.04827835957209269 0.03703705693634463 0.09655671914418539
0 0.3055555674951401 0.04827835957209269 0.06481482277453786 0.09655671914418539
0 0.3148148227745379 0.04006076653798421 0.06481480486516102 0.08012153307596842
0 0.3287037236030113 0.04827835957209269 0.055555531676386445 0.09655671914418539
0 0.33796297888240906 0.031843173503875735 0.055555531676386445 0.06368634700775147
0 0.3564814894412045 0.04827835957209269 0.0740740780539356 0.09655671914418539
0 0.37037039026967794 0.04827835957209269 0.08333333333333333 0.09655671914418539
0 0.38888890082847344 0.04827835957209269 0.04629631221574237 0.09655671914418539
0 0.3981481561078712 0.04006076653798421 0.027777765838193223 0.08012153307596842
0 0.4027778016569469 0.031843173503875735 0.03703702111759096 0.06368634700775147
0 0.4166666666666667 0.04006076653798421 0.06481478695578419 0.08012153307596842
0 0.4351852130442158 0.023625580469767253 0.04629631221574237 0.047251160939534506
0 0.4537037236030113 0.023625580469767253 0.04629631221574237 0.047251160939534506
0 0.46296297888240906 0.023625580469767253 0.04629631221574237 0.047251160939534506
0 0.4768518797108825 0.023625580469767253 0.03703702111759096 0.047251160939534506
0 0.48611113499028025 0.023625580469767253 0.03703702111759096 0.047251160939534506
0 0.49537039026967794 0.023625580469767253 0.03703702111759096 0.047251160939534506
0 0.5092592910981514 0.023625580469767253 0.027777765838193223 0.047251160939534506
0 0.5185185463775491 0.023625580469767253 0.02777780165694689 0.047251160939534506
0 0.5277778016569469 0.023625580469767253 0.04629631221574237 0.047251160939534506
0 0.5416666666666666 0.04006076653798421 0.05555556749514011 0.08012153307596842
0 0.5601851772254621 0.04006076653798421 0.0740740780539356 0.08012153307596842
0 0.587962978882409 0.04006076653798421 0.07407404223518192 0.08012153307596842
0 0.6064815610787119 0.047251160939534506 0.07407411387268927 0.06574074427286784
0 0.6157407805393559 0.04006076653798421 0.0740740780539356 0.08012153307596842
0 0.6388889366472271 0.031843173503875735 0.10185184389212881 0.06368634700775147
0 0.6527778016569469 0.047251160939534506 0.09259262443148474 0.06574074427286784
0 0.6898148944120452 0.10580151081085205 0.11111113499028022 0.2116030216217041
0 0.6944444683236135 0.023625580469767253 0.1203703544509243 0.047251160939534506
0 0.7037036877842576 0.031843173503875735 0.10185184389212881 0.06368634700775147
0 0.712962978882409 0.056495952606201175 0.10185184389212881 0.11299190521240235
0 0.7314814894412045 0.056495952606201175 0.08333333333333333 0.11299190521240235
0 0.7268519155296361 0.031843173503875735 0.01851851055879548 0.06368634700775147
0 0.7268519155296361 0.031843173503875735 0.0370370927550983 0.06368634700775147
0 0.7361111349902802 0.023625580469767253 0.03703702111759096 0.047251160939534506
0 0.7685185821963029 0.023625580469767253 0.10185184389212881 0.047251160939534506
0 0.7638889366472271 0.031843173503875735 0.07407404223518192 0.06368634700775147
0 0.7824074472060226 0.031843173503875735 0.09259262443148474 0.06368634700775147
0 0.8055556033138938 0.031843173503875735 0.10185184389212881 0.06368634700775147
0 0.8194444683236135 0.039033567905426024 0.09259262443148474 0.04930555820465088
0 0.828703759421765 0.031843173503875735 0.09259262443148474 0.06368634700775147
0 0.8472222699805605 0.031843173503875735 0.09259262443148474 0.06368634700775147
0 0.8518519155296361 0.031843173503875735 0.04629631221574237 0.06368634700775147
0 0.8657407805393559 0.056495952606201175 0.03703702111759096 0.11299190521240235
0 0.8703703544509243 0.056495952606201175 0.06481482277453786 0.11299190521240235
0 0.8888889366472271 0.031843173503875735 0.06481482277453786 0.06368634700775147
0 0.9074074472060226 0.031843173503875735 0.10185191552963616 0.06368634700775147
0 0.9259259577648181 0.056495952606201175 0.10185184389212881 0.11299190521240235
0 0.9444445399611209 0.056495952606201175 0.10185184389212881 0.11299190521240235
0 0.9351852488629695 0.056495952606201175 0.06481482277453786 0.11299190521240235
0 0.9444445399611209 0.056495952606201175 0.06481482277453786 0.11299190521240235
0 0.9583333333333334 0.056495952606201175 0.055555531676386445 0.11299190521240235
0 0.9652778016569469 0.056495952606201175 0.06944439668610622 0.11299190521240235
0 0.9884259577648181 0.056495952606201175 0.02314808447036385 0.11299190521240235
0 0.974537021117591 0.056495952606201175 0.05092588612731074 0.11299190521240235
0 0.039351852846817234 0.04006076653798421 0.07870370569363447 0.08012153307596842
0 0.0185185195134839 0.04006076653798421 0.027777779270225848 0.08012153307596842
0 0.027777779270225848 0.04827835957209269 0.027777777031553742 0.09655671914418539
0 0.06481481829719364 0.047251160939534506 0.08333334228802175 0.06574074427286784
0 0.055555558540451695 0.06368634700775147 0.04629629430636554 0.09861111640930176
0 0.08333333333333333 0.04827835957209269 0.08333334228802175 0.09655671914418539
0 0.10648148944120452 0.056495952606201175 0.0740740825312798 0.11299190521240235
0 0.12037037236030113 0.047251160939534506 0.08333333333333333 0.06574074427286784
0 0.15740741138726894 0.06368634700775147 0.08333333333333333 0.09861111640930176
0 0.16666666666666666 0.04827835957209269 0.10185186180150566 0.09655671914418539
0 0.18518519513483897 0.04827835957209269 0.08333333333333333 0.09655671914418539
0 0.2037037236030113 0.06368634700775147 0.06481480486516102 0.09861111640930176
0 0.26388890082847344 0.06368634700775147 0.07407409596331242 0.09861111640930176
0 0.2731481561078712 0.039033567905426024 0.07407409596331242 0.04930555820465088
0 0.2870370569363446 0.06368634700775147 0.06481482277453786 0.06574074427286784
0 0.30092595776481806 0.07190393606821696 0.05555556749514011 0.0821759303410848
0 0.32407407805393557 0.05546875397364299 0.0833333154239565 0.0821759303410848
0 0.34259262443148475 0.05546875397364299 0.08333333333333333 0.0821759303410848
0 0.36574078053935594 0.039033567905426024 0.0740740780539356 0.04930555820465088
0 0.375 0.030815974871317545 0.0740740780539356 0.03287037213643392
0 0.3935185105587955 0.030815974871317545 0.0740740780539356 0.03287037213643392
