0 0.039351852846817234 0.00719039390484492 0.07870370569363447 0.01438078780968984
0 0.04629629878370974 0.015407986442248027 0.08333334228802175 0.030815972884496053
0 0.03240740690992472 0.015407986442248027 0.037037036788295695 0.030815972884496053
0 0.03240740690992472 0.015407986442248027 0.018518517274811793 0.030815972884496053
0 0.041666666666666664 0.015407986442248027 0.018518517274811793 0.030815972884496053
0 0.04629629878370974 0.015407986442248027 0.027777777031553742 0.030815972884496053
0 0.05092592642340862 0.04006076653798421 0.09259259756741949 0.08012153307596842
0 0.06481481829719364 0.015407986442248027 0.04629630326105395 0.030815972884496053
0 0.10185186180150566 0.015407986442248027 0.08333334228802175 0.030815972884496053
0 0.12037037236030113 0.015407986442248027 0.08333333333333333 0.030815972884496053
0 0.15277778374757006 0.015407986442248027 0.1481481561078712 0.030815972884496053
0 0.18518519513483897 0.015407986442248027 0.12037038131498955 0.030815972884496053
0 0.2037037236030113 0.023625580469767253 0.12037037236030113 0.047251160939534506
0 0.20833333333333334 0.04006076653798421 0.018518528468172316 0.08012153307596842
0 0.22222223416180678 0.015407986442248027 0.04629631221574237 0.030815972884496053
0 0.22222223416180678 0.04006076653798421 0.027777765838193223 0.08012153307596842
0 0.22685187971088247 0.015407986442248027 0.0370370390269678 0.030815972884496053
0 0.23148148944120453 0.015407986442248027 0.04629629430636554 0.030815972884496053
0 0.23611113499028022 0.015407986442248027 0.05555554958576328 0.030815972884496053
0 0.24537039026967797 0.015407986442248027 0.05555554958576328 0.030815972884496053
0 0.2685185463775491 0.015407986442248027 0.06481484068391469 0.030815972884496053
0 0.2777778016569469 0.00719039390484492 0.027777783747570055 0.01438078780968984
0 0.2777778016569469 0.015407986442248027 0.04629631221574237 0.030815972884496053
0 0.2777778016569469 0.015407986442248027 0.06481482277453786 0.030815972884496053
0 0.3055555674951401 0.015407986442248027 0.027777783747570055 0.030815972884496053
0 0.32407411387268925 0.015407986442248027 0.027777765838193223 0.030815972884496053
0 0.3333333333333333 0.015407986442248027 0.027777765838193223 0.030815972884496053
0 0.42592595776481806 0.015407986442248027 0.12037039026967797 0.030815972884496053
0 0.49537039026967794 0.015407986442248027 0.01851851055879548 0.030815972884496053
0 0.49074078053935594 0.015407986442248027 0.027777765838193223 0.030815972884496053
0 0.5833333333333334 0.015407986442248027 0.08333329751457967 0.030815972884496053
0 0.5925926244314847 0.00719039390484492 0.08333333333333333 0.01438078780968984
0 0.6203704260884316 0.00719039390484492 0.083333369152087 0.01438078780968984
0 0.662037021117591 0.015407986442248027 0.055555531676386445 0.030815972884496053
0 0.6805556033138938 0.015407986442248027 0.055555531676386445 0.030815972884496053
0 0.712962978882409 0.015407986442248027 0.10185184389212881 0.030815972884496053
0 0.7083333333333334 0.015407986442248027 0.0370370927550983 0.030815972884496053
0 0.7870370927550983 0.00719039390484492 0.08333333333333333 0.01438078780968984
0 0.8055556033138938 0.00719039390484492 0.08333333333333333 0.01438078780968984
0 0.8333334049708406 0.00719039390484492 0.08333333333333333 0.01438078780968984
0 0.8425926244314847 0.015407986442248027 0.08333333333333333 0.030815972884496053
0 0.8194444683236135 0.015407986442248027 0.03703702111759096 0.030815972884496053
0 0.837962978882409 0.015407986442248027 0.03703702111759096 0.030815972884496053
0 0.8518519155296361 0.015407986442248027 0.02777780165694689 0.030815972884496053
0 0.8611112066277875 0.015407986442248027 0.02777780165694689 0.030815972884496053
0 0.8703703544509243 0.015407986442248027 0.02777780165694689 0.030815972884496053
0 0.8796296455490757 0.015407986442248027 0.02777780165694689 0.030815972884496053
0 0.8888889366472271 0.015407986442248027 0.027777730019439555 0.030815972884496053
0 0.8888889366472271 0.015407986442248027 0.06481482277453786 0.030815972884496053
0 0.9212963122157424 0.015407986442248027 0.0925925527939774 0.030815972884496053
0 0.9305556033138938 0.015407986442248027 0.07407404223518192 0.030815972884496053
0 0.9583334049708406 0.015407986442248027 0.03703702111759096 0.030815972884496053
0 0.9675926244314847 0.015407986442248027 0.03703702111759096 0.030815972884496053
0 0.9814815610787119 0.015407986442248027 0.02777780165694689 0.030815972884496053
0 0.03472222296844626 0.015407986442248027 0.06944444593689252 0.030815972884496053
0 0.02314814715318277 0.023625580469767253 0.037037036788295695 0.047251160939534506
0 0.0370370390269678 0.023625580469767253 0.027777777031553742 0.047251160939534506
0 0.0370370390269678 0.08936632474263509 0.027777777031553742 0.17873264948527018
0 0.04629629878370974 0.08936632474263509 0.027777777031553742 0.17873264948527018
0 0.05092592642340862 0.04827835957209269 0.037037036788295695 0.09655671914418539
0 0.05092592642340862 0.04006076653798421 0.055555558540451695 0.08012153307596842
0 0.06481481829719364 0.023625580469767253 0.04629630326105395 0.047251160939534506
0 0.08333333333333333 0.023625580469767253 0.027777779270225848 0.047251160939534506
0 0.0879629609730322 0.04006076653798421 0.09259259756741949 0.08012153307596842
0 0.11111111708090339 0.04006076653798421 0.06481482277453786 0.08012153307596842
0 0.12037037236030113 0.04006076653798421 0.04629630326105395 0.08012153307596842
0 0.1435185284681723 0.04006076653798421 0.05555556749514011 0.08012153307596842
0 0.15740741138726894 0.04006076653798421 0.06481481381984944 0.08012153307596842
0 0.1481481561078712 0.031843173503875735 0.10185185284681723 0.06368634700775147
0 0.18518519513483897 0.031843173503875735 0.08333333333333333 0.06368634700775147
0 0.18518519513483897 0.031843173503875735 0.027777765838193223 0.06368634700775147
0 0.19444446832361356 0.04006076653798421 0.027777783747570055 0.08012153307596842
0 0.1990740780539356 0.08936632474263509 0.018518528468172316 0.17873264948527018
0 0.20833333333333334 0.08936632474263509 0.0370370390269678 0.17873264948527018
0 0.21759258861273106 0.04006076653798421 0.0370370390269678 0.08012153307596842
0 0.23148148944120453 0.04006076653798421 0.027777783747570055 0.08012153307596842
0 0.23611113499028022 0.023625580469767253 0.0370370390269678 0.047251160939534506
0 0.25 0.023625580469767253 0.04629629430636554 0.047251160939534506
0 0.26388890082847344 0.015407986442248027 0.0370370390269678 0.030815972884496053
0 0.2731481561078712 0.023625580469767253 0.0370370390269678 0.047251160939534506
0 0.2870370569363446 0.015407986442248027 0.02777780165694689 0.030815972884496053
0 0.2962963122157424 0.015407986442248027 0.027777783747570055 0.030815972884496053
0 0.30092595776481806 0.023625580469767253 0.0370370390269678 0.047251160939534506
0 0.31944446832361356 0.023625580469767253 0.03703702111759096 0.047251160939534506
0 0.3287037236030113 0.023625580469767253 0.03703702111759096 0.047251160939534506
0 0.3333333333333333 0.015407986442248027 0.0462962763969887 0.030815972884496053
0 0.3518518797108825 0.015407986442248027 0.08333333333333333 0.030815972884496053
0 0.3564814894412045 0.015407986442248027 0.09259258861273108 0.030815972884496053
0 0.3888889366472271 0.015407986442248027 0.13888890082847344 0.030815972884496053
0 0.4120370569363446 0.015407986442248027 0.12962964554907572 0.030815972884496053
0 0.3981481561078712 0.015407986442248027 0.06481482277453786 0.030815972884496053
0 0.42592595776481806 0.015407986442248027 0.06481482277453786 0.030815972884496053
0 0.4398148227745379 0.015407986442248027 0.05555556749514011 0.030815972884496053
0 0.4583333333333333 0.015407986442248027 0.12962960973032203 0.030815972884496053
0 0.4583333333333333 0.015407986442248027 0.05555556749514011 0.030815972884496053
0 0.49074078053935594 0.023625580469767253 0.027777765838193223 0.047251160939534506
0 0.5 0.023625580469767253 0.027777765838193223 0.047251160939534506
0 0.5231481561078711 0.023625580469767253 0.05555556749514011 0.047251160939534506
0 0.5509259577648181 0.015407986442248027 0.09259258861273108 0.030815972884496053
0 0.5740741138726893 0.015407986442248027 0.0462962763969887 0.030815972884496053
0 0.6064814894412045 0.015407986442248027 0.09259258861273108 0.030815972884496053
0 0.625 0.015407986442248027 0.11111113499028022 0.030815972884496053
0 0.625 0.015407986442248027 0.07407411387268927 0.030815972884496053
0 0.6481481561078711 0.023625580469767253 0.04629631221574237 0.047251160939534506
0 0.6527778016569469 0.015407986442248027 0.05555560331389378 0.030815972884496053
0 0.6712963122157424 0.015407986442248027 0.055555531676386445 0.030815972884496053
0 0.7083333333333334 0.015407986442248027 0.055555531676386445 0.030815972884496053
0 0.7268519155296361 0.015407986442248027 0.0370370927550983 0.030815972884496053
0 0.7638889366472271 0.015407986442248027 0.09259262443148474 0.030815972884496053
0 0.7962963122157424 0.015407986442248027 0.08333333333333333 0.030815972884496053
0 0.8148148227745379 0.015407986442248027 0.08333333333333333 0.030815972884496053
0 0.8148148944120452 0.015407986442248027 0.04629624057823504 0.030815972884496053
0 0.8148148944120452 0.015407986442248027 0.02777780165694689 0.030815972884496053
0 0.8240741138726893 0.015407986442248027 0.027777730019439555 0.030815972884496053
0 0.8472222699805605 0.015407986442248027 0.01851851055879548 0.030815972884496053
0 0.8796296455490757 0.015407986442248027 0.04629631221574237 0.030815972884496053
0 0.8842592910981514 0.04006076653798421 0.05555560331389378 0.08012153307596842
0 0.8888889366472271 0.04006076653798421 0.06481482277453786 0.08012153307596842
0 0.8981482277453785 0.00719039390484492 0.06481482277453786 0.01438078780968984
0 0.9120370927550983 0.00719039390484492 0.05555560331389378 0.01438078780968984
0 0.9259259577648181 0.015407986442248027 0.04629631221574237 0.030815972884496053
0 0.962962978882409 0.04006076653798421 0.02777780165694689 0.08012153307596842
0 0.9722222699805605 0.04827835957209269 0.027777730019439555 0.09655671914418539
0 0.974537021117591 0.015407986442248027 0.05092588612731074 0.030815972884496053
0 0.020833333333333332 0.04006076653798421 0.041666666666666664 0.08012153307596842
0 0.04629629878370974 0.023625580469767253 0.08333334228802175 0.047251160939534506
0 0.027777779270225848 0.04006076653798421 0.04629629430636554 0.08012153307596842
0 0.05092592642340862 0.07293113867441813 0.037037036788295695 0.14586227734883625
0 0.06018519065749477 0.04006076653798421 0.055555558540451695 0.08012153307596842
0 0.08333333333333333 0.04006076653798421 0.06481481829719364 0.08012153307596842
0 0.13888889187378503 0.031843173503875735 0.04629629430636554 0.06368634700775147
0 0.1481481561078712 0.031843173503875735 0.04629630326105395 0.06368634700775147
0 0.15740741138726894 0.04006076653798421 0.04629630326105395 0.08012153307596842
0 0.17129631221574237 0.031843173503875735 0.0370370390269678 0.06368634700775147
0 0.18055556749514012 0.04006076653798421 0.0370370390269678 0.08012153307596842
0 0.18518519513483897 0.06471354564030965 0.027777765838193223 0.1294270912806193
0 0.2037037236030113 0.08114872773488363 0.027777783747570055 0.16229745546976726
0 0.22222223416180678 0.08936632474263509 0.04629631221574237 0.17873264948527018
0 0.20833333333333334 0.08936632474263509 0.05555554958576328 0.17873264948527018
0 0.24074074472060225 0.04006076653798421 0.04629629430636554 0.08012153307596842
0 0.2685185463775491 0.04006076653798421 0.06481484068391469 0.08012153307596842
0 0.2777778016569469 0.09758391380310058 0.04629631221574237 0.19516782760620116
0 0.2916666845760435 0.06471354564030965 0.03703705693634463 0.1294270912806193
0 0.2962963122157424 0.04006076653798421 0.04629631221574237 0.08012153307596842
0 0.3101852130442158 0.031843173503875735 0.05555554958576328 0.06368634700775147
0 0.32407407805393557 0.031843173503875735 0.06481480486516102 0.06368634700775147
0 0.34259262443148475 0.04006076653798421 0.08333333333333333 0.08012153307596842
0 0.3518518797108825 0.023625580469767253 0.08333333333333333 0.047251160939534506
0 0.3796296455490757 0.023625580469767253 0.04629631221574237 0.047251160939534506
0 0.3935185463775491 0.015407986442248027 0.03703702111759096 0.030815972884496053
0 0.38425929109815143 0.015407986442248027 0.09259258861273108 0.030815972884496053
0 0.4120370569363446 0.015407986442248027 0.07407404223518192 0.030815972884496053
0 0.4351851772254621 0.023625580469767253 0.13888890082847344 0.047251160939534506
0 0.46296297888240906 0.015407986442248027 0.02777780165694689 0.030815972884496053
0 0.46759262443148475 0.023625580469767253 0.03703705693634463 0.047251160939534506
0 0.5370370569363446 0.04006076653798421 0.1203703544509243 0.08012153307596842
0 0.5370370569363446 0.023625580469767253 0.08333333333333333 0.047251160939534506
0 0.5555556033138938 0.015407986442248027 0.027777765838193223 0.030815972884496053
0 0.5694444683236135 0.015407986442248027 0.03703702111759096 0.030815972884496053
0 0.5787037236030113 0.015407986442248027 0.03703702111759096 0.030815972884496053
0 0.5972222341618068 0.015407986442248027 0.055555531676386445 0.030815972884496053
0 0.6111111349902802 0.015407986442248027 0.06481485859329152 0.030815972884496053
0 0.625 0.023625580469767253 0.07407411387268927 0.047251160939534506
0 0.6435185821963029 0.04006076653798421 0.07407411387268927 0.08012153307596842
0 0.6574074472060226 0.04006076653798421 0.08333333333333333 0.08012153307596842
0 0.6898148227745379 0.031843173503875735 0.12962964554907572 0.06368634700775147
0 0.7314814894412045 0.023625580469767253 0.08333333333333333 0.047251160939534506
0 0.7175926244314847 0.023625580469767253 0.05555560331389378 0.047251160939534506
0 0.7546296455490757 0.023625580469767253 0.09259262443148474 0.047251160939534506
0 0.7592592910981514 0.023625580469767253 0.13888893664722712 0.047251160939534506
0 0.7824074472060226 0.023625580469767253 0.09259262443148474 0.047251160939534506
0 0.787037021117591 0.015407986442248027 0.10185184389212881 0.030815972884496053
0 0.8009259577648181 0.023625580469767253 0.09259262443148474 0.047251160939534506
0 0.7962963122157424 0.015407986442248027 0.06481482277453786 0.030815972884496053
0 0.8101852488629695 0.015407986442248027 0.03703702111759096 0.030815972884496053
0 0.8333333333333334 0.04827835957209269 0.06481482277453786 0.09655671914418539
0 0.8425926244314847 0.09758391380310058 0.04629631221574237 0.19516782760620116
0 0.8518519155296361 0.09758391380310058 0.04629631221574237 0.19516782760620116
0 0.8518519155296361 0.056495952606201175 0.04629631221574237 0.11299190521240235
0 0.8611111349902802 0.056495952606201175 0.04629631221574237 0.11299190521240235
0 0.8703704260884316 0.056495952606201175 0.04629631221574237 0.11299190521240235
0 0.9074074472060226 0.04006076653798421 0.04629631221574237 0.08012153307596842
0 0.916666738304174 0.04006076653798421 0.04629631221574237 0.08012153307596842
0 0.9305556033138938 0.056495952606201175 0.05555560331389378 0.11299190521240235
0 0.9537036877842576 0.06471354564030965 0.06481482277453786 0.1294270912806193
0 0.9675926244314847 0.06471354564030965 0.03703702111759096 0.1294270912806193
0 0.9675926244314847 0.04006076653798421 0.055555531676386445 0.08012153307596842
0 0.020833333333333332 0.031843173503875735 0.041666666666666664 0.06368634700775147
0 0.05092592642340862 0.031843173503875735 0.09259259756741949 0.06368634700775147
0 0.0370370390269678 0.04006076653798421 0.027777777031553742 0.08012153307596842
0 0.041666666666666664 0.07293113867441813 0.018518517274811793 0.14586227734883625
0 0.05092592642340862 0.07293113867441813 0.0185185195134839 0.14586227734883625
0 0.0370370390269678 0.07293113867441813 0.06481481381984944 0.14586227734883625
0 0.055555558540451695 0.04827835957209269 0.04629629430636554 0.09655671914418539
0 0.0740740780539356 0.06471354564030965 0.027777783747570055 0.1294270912806193
0 0.08333333333333333 0.06471354564030965 0.027777779270225848 0.1294270912806193
0 0.09259259756741949 0.06471354564030965 0.027777783747570055 0.1294270912806193
0 0.10648148944120452 0.04006076653798421 0.0370370390269678 0.08012153307596842
0 0.12962963659438728 0.031843173503875735 0.027777783747570055 0.06368634700775147
0 0.15277778374757006 0.031843173503875735 0.055555558540451695 0.06368634700775147
0 0.16666666666666666 0.04827835957209269 0.06481481381984944 0.09655671914418539
0 0.18981482277453784 0.06471354564030965 0.01851851055879548 0.1294270912806193
0 0.1990740780539356 0.06471354564030965 0.018518528468172316 0.1294270912806193
0 0.20833333333333334 0.031843173503875735 0.018518528468172316 0.06368634700775147
0 0.21296297888240903 0.06471354564030965 0.027777783747570055 0.1294270912806193
0 0.2037037236030113 0.04006076653798421 0.06481480486516102 0.08012153307596842
0 0.22685186180150566 0.07293113867441813 0.0740740780539356 0.14586227734883625
0 0.23611113499028022 0.07293113867441813 0.05555554958576328 0.14586227734883625
0 0.25 0.07293113867441813 0.04629629430636554 0.14586227734883625
0 0.26388890082847344 0.07293113867441813 0.05555556749514011 0.14586227734883625
0 0.28240742929664575 0.07293113867441813 0.05555556749514011 0.14586227734883625
0 0.2870370569363446 0.07293113867441813 0.06481482277453786 0.14586227734883625
0 0.2962963122157424 0.07293113867441813 0.027777783747570055 0.14586227734883625
0 0.30092595776481806 0.031843173503875735 0.0370370390269678 0.06368634700775147
0 0.3148148227745379 0.04006076653798421 0.04629629430636554 0.08012153307596842
0 0.3287037236030113 0.04006076653798421 0.07407406014455876 0.08012153307596842
0 0.3935185105587955 0.031843173503875735 0.11111109917152656 0.06368634700775147
0 0.4074074472060226 0.031843173503875735 0.10185187971088248 0.06368634700775147
0 0.3981481561078712 0.015407986442248027 0.027777765838193223 0.030815972884496053
0 0.42592595776481806 0.015407986442248027 0.0462962763969887 0.030815972884496053
0 0.4583333333333333 0.031843173503875735 0.11111109917152656 0.06368634700775147
0 0.4583333333333333 0.031843173503875735 0.11111109917152656 0.06368634700775147
0 0.4814814894412045 0.031843173503875735 0.10185187971088248 0.06368634700775147
0 0.46296297888240906 0.015407986442248027 0.02777780165694689 0.030815972884496053
0 0.44907411387268925 0.015407986442248027 0.0740740780539356 0.030815972884496053
0 0.5092592910981514 0.031843173503875735 0.027777765838193223 0.06368634700775147
0 0.5185185463775491 0.031843173503875735 0.02777780165694689 0.06368634700775147
0 0.5509259577648181 0.031843173503875735 0.11111109917152656 0.06368634700775147
0 0.5277778016569469 0.031843173503875735 0.06481482277453786 0.06368634700775147
0 0.5462963122157424 0.138671875 0.06481482277453786 0.27734375
0 0.5648148227745379 0.138671875 0.0462962763969887 0.27734375
0 0.5694444683236135 0.023625580469767253 0.01851851055879548 0.047251160939534506
0 0.587962978882409 0.015407986442248027 0.03703702111759096 0.030815972884496053
0 0.6018519155296361 0.015407986442248027 0.02777780165694689 0.030815972884496053
0 0.6574074472060226 0.015407986442248027 0.13888893664722712 0.030815972884496053
0 0.6574074472060226 0.031843173503875735 0.15740741138726894 0.06368634700775147
0 0.6805556033138938 0.031843173503875735 0.12962964554907572 0.06368634700775147
0 0.6898148227745379 0.039033567905426024 0.12962964554907572 0.04930555820465088
0 0.662037021117591 0.031843173503875735 0.07407411387268927 0.06368634700775147
0 0.7453704260884316 0.031843173503875735 0.09259262443148474 0.06368634700775147
0 0.7222222699805605 0.023625580469767253 0.02777780165694689 0.047251160939534506
0 0.7407407089018486 0.023625580469767253 0.06481482277453786 0.047251160939534506
0 0.7407407805393559 0.015407986442248027 0.027777730019439555 0.030815972884496053
0 0.7592592910981514 0.023625580469767253 0.04629631221574237 0.047251160939534506
0 0.8009259577648181 0.031843173503875735 0.11111106335277289 0.06368634700775147
0 0.7824074472060226 0.031843173503875735 0.05555560331389378 0.06368634700775147
0 0.7916666666666666 0.05546875397364299 0.055555531676386445 0.04930555820465088
0 0.8148148944120452 0.138671875 0.04629624057823504 0.27734375
0 0.8240741138726893 0.138671875 0.04629631221574237 0.27734375
0 0.8564815610787119 0.138671875 0.0925925527939774 0.27734375
0 0.8472222699805605 0.138671875 0.03703702111759096 0.27734375
0 0.8564815610787119 0.138671875 0.0370370927550983 0.27734375
0 0.875 0.138671875 0.0370370927550983 0.27734375
0 0.8796296455490757 0.07293113867441813 0.02777780165694689 0.14586227734883625
0 0.8796296455490757 0.06471354564030965 0.04629631221574237 0.1294270912806193
0 0.8935185821963029 0.06471354564030965 0.03703702111759096 0.1294270912806193
0 0.9027778016569469 0.06471354564030965 0.03703702111759096 0.1294270912806193
0 0.9212963122157424 0.06471354564030965 0.0370370927550983 0.1294270912806193
0 0.9305556033138938 0.06471354564030965 0.03703702111759096 0.1294270912806193
0 0.953703759421765 0.06471354564030965 0.04629631221574237 0.1294270912806193
0 0.9722222699805605 0.031843173503875735 0.027777730019439555 0.06368634700775147
0 0.9768519155296361 0.04006076653798421 0.03703702111759096 0.08012153307596842
0 0.9791666666666666 0.031843173503875735 0.04166659502915933 0.06368634700775147
0 0.020833333333333332 0.05546875397364299 0.041666666666666664 0.04930555820465088
0 0.027777779270225848 0.047251160939534506 0.04629629430636554 0.06574074427286784
0 0.03240740690992472 0.05546875397364299 0.037037036788295695 0.0821759303410848
0 0.0370370390269678 0.07293113867441813 0.027777777031553742 0.14586227734883625
0 0.04629629878370974 0.07293113867441813 0.027777777031553742 0.14586227734883625
0 0.06481481829719364 0.07293113867441813 0.04629630326105395 0.14586227734883625
0 0.0740740780539356 0.08012153307596842 0.04629629878370974 0.1314814885457357
0 0.08333333333333333 0.08012153307596842 0.04629630326105395 0.1314814885457357
0 0.09259259756741949 0.08012153307596842 0.04629629878370974 0.1314814885457357
0 0.11111111708090339 0.07293113867441813 0.04629629430636554 0.14586227734883625
