0 0.4351852130442158 0.00719039390484492 0.06481482277453786 0.01438078780968984
0 0.44444446832361356 0.00719039390484492 0.08333333333333333 0.01438078780968984
0 0.4537037236030113 0.00719039390484492 0.06481482277453786 0.01438078780968984
0 0.47222223416180675 0.00719039390484492 0.06481482277453786 0.01438078780968984
0 0.49074078053935594 0.015407986442248027 0.0462962763969887 0.030815972884496053
0 0.5138889366472271 0.015407986442248027 0.05555556749514011 0.030815972884496053
0 0.5185185463775491 0.00719039390484492 0.04629631221574237 0.01438078780968984
0 0.5324074472060226 0.00719039390484492 0.03703705693634463 0.01438078780968984
0 0.5370370569363446 0.00719039390484492 0.04629631221574237 0.01438078780968984
0 0.5509259577648181 0.00719039390484492 0.03703702111759096 0.01438078780968984
0 0.5694444683236135 0.00719039390484492 0.03703702111759096 0.01438078780968984
0 0.5925926244314847 0.00719039390484492 0.04629631221574237 0.01438078780968984
0 0.6018518438921289 0.00719039390484492 0.0462962763969887 0.01438078780968984
0 0.6064814894412045 0.00719039390484492 0.03703702111759096 0.01438078780968984
0 0.5925926244314847 0.015407986442248027 0.06481478695578419 0.030815972884496053
0 0.625 0.015407986442248027 0.09259258861273108 0.030815972884496053
0 0.6481482277453785 0.015407986442248027 0.06481482277453786 0.030815972884496053
0 0.662037021117591 0.015407986442248027 0.055555531676386445 0.030815972884496053
0 0.6759259577648181 0.015407986442248027 0.04629631221574237 0.030815972884496053
0 0.6944444683236135 0.015407986442248027 0.027777730019439555 0.030815972884496053
0 0.7037036877842576 0.00719039390484492 0.02777780165694689 0.01438078780968984
0 0.7083333333333334 0.00719039390484492 0.0370370927550983 0.01438078780968984
0 0.7222222699805605 0.015407986442248027 0.02777780165694689 0.030815972884496053
0 0.7361112066277875 0.015407986442248027 0.1481481561078712 0.030815972884496053
0 0.7546296455490757 0.00719039390484492 0.1481481561078712 0.01438078780968984
0 0.7870370927550983 0.00719039390484492 0.1203703544509243 0.01438078780968984
0 0.8148148227745379 0.00719039390484492 0.08333333333333333 0.01438078780968984
0 0.8333334049708406 0.00719039390484492 0.08333333333333333 0.01438078780968984
0 0.8425926244314847 0.00719039390484492 0.08333333333333333 0.01438078780968984
0 0.9236111349902802 0.00719039390484492 0.15277773001943956 0.01438078780968984
0 0.9351852488629695 0.00719039390484492 0.06481482277453786 0.01438078780968984
0 0.962962978882409 0.015407986442248027 0.02777780165694689 0.030815972884496053
0 0.9722222699805605 0.00719039390484492 0.027777730019439555 0.01438078780968984
0 0.9722222699805605 0.04006076653798421 0.04629631221574237 0.08012153307596842
0 0.04398148496386031 0.015407986442248027 0.08796296992772062 0.030815972884496053
0 0.041666666666666664 0.00719039390484492 0.055555558540451695 0.01438078780968984
0 0.06481481829719364 0.00719039390484492 0.10185185284681723 0.01438078780968984
0 0.06944444593689252 0.015407986442248027 0.09259259756741949 0.030815972884496053
0 0.08796296992772062 0.00719039390484492 0.0740740825312798 0.01438078780968984
0 0.10648148944120452 0.00719039390484492 0.0740740825312798 0.01438078780968984
0 0.12037037236030113 0.00719039390484492 0.08333333333333333 0.01438078780968984
0 0.13888890082847344 0.00719039390484492 0.08333334228802175 0.01438078780968984
0 0.16203705693634463 0.00719039390484492 0.0925926065221079 0.01438078780968984
0 0.15277778374757006 0.00719039390484492 0.055555558540451695 0.01438078780968984
0 0.17129631221574237 0.00719039390484492 0.05555554958576328 0.01438078780968984
0 0.18981482277453784 0.00719039390484492 0.05555556749514011 0.01438078780968984
0 0.2037037236030113 0.00719039390484492 0.06481480486516102 0.01438078780968984
0 0.2175926065221079 0.00719039390484492 0.05555556749514011 0.01438078780968984
0 0.23611113499028022 0.00719039390484492 0.05555554958576328 0.01438078780968984
0 0.25 0.00719039390484492 0.04629629430636554 0.01438078780968984
0 0.2685185463775491 0.00719039390484492 0.06481484068391469 0.01438078780968984
0 0.2870370569363446 0.00719039390484492 0.06481482277453786 0.01438078780968984
0 0.30092595776481806 0.015407986442248027 0.05555556749514011 0.030815972884496053
0 0.31944446832361356 0.015407986442248027 0.05555554958576328 0.030815972884496053
0 0.31944446832361356 0.015407986442248027 0.03703702111759096 0.030815972884496053
0 0.33796297888240906 0.015407986442248027 0.055555531676386445 0.030815972884496053
0 0.3564814894412045 0.015407986442248027 0.05555556749514011 0.030815972884496053
0 0.3796296455490757 0.015407986442248027 0.06481482277453786 0.030815972884496053
0 0.3981481561078712 0.015407986442248027 0.06481482277453786 0.030815972884496053
0 0.4166666666666667 0.00719039390484492 0.06481478695578419 0.01438078780968984
0 0.44444446832361356 0.015407986442248027 0.06481482277453786 0.030815972884496053
0 0.4398148227745379 0.00719039390484492 0.03703705693634463 0.01438078780968984
0 0.4537037236030113 0.00719039390484492 0.02777780165694689 0.01438078780968984
0 0.46296297888240906 0.00719039390484492 0.02777780165694689 0.01438078780968984
0 0.4768518797108825 0.00719039390484492 0.03703702111759096 0.01438078780968984
0 0.48611113499028025 0.015407986442248027 0.03703702111759096 0.030815972884496053
0 0.5 0.015407986442248027 0.0462962763969887 0.030815972884496053
0 0.5092592910981514 0.015407986442248027 0.04629631221574237 0.030815972884496053
0 0.5231481561078711 0.015407986442248027 0.03703705693634463 0.030815972884496053
0 0.5324074472060226 0.015407986442248027 0.03703705693634463 0.030815972884496053
0 0.5416666666666666 0.015407986442248027 0.03703705693634463 0.030815972884496053
0 0.5555556033138938 0.00719039390484492 0.027777765838193223 0.01438078780968984
0 0.5648148227745379 0.015407986442248027 0.027777765838193223 0.030815972884496053
0 0.5740741138726893 0.015407986442248027 0.027777765838193223 0.030815972884496053
0 0.587962978882409 0.015407986442248027 0.03703702111759096 0.030815972884496053
0 0.5972222699805605 0.015407986442248027 0.03703705693634463 0.030815972884496053
0 0.6064814894412045 0.015407986442248027 0.03703702111759096 0.030815972884496053
0 0.6157407805393559 0.015407986442248027 0.03703705693634463 0.030815972884496053
0 0.625 0.015407986442248027 0.0370370927550983 0.030815972884496053
0 0.6481481561078711 0.015407986442248027 0.04629631221574237 0.030815972884496053
0 0.662037021117591 0.015407986442248027 0.055555531676386445 0.030815972884496053
0 0.6620370927550983 0.00719039390484492 0.03703702111759096 0.01438078780968984
0 0.6759259577648181 0.00719039390484492 0.027777730019439555 0.01438078780968984
0 0.6805556033138938 0.015407986442248027 0.03703702111759096 0.030815972884496053
0 0.6898148227745379 0.015407986442248027 0.03703702111759096 0.030815972884496053
0 0.7083333333333334 0.015407986442248027 0.0370370927550983 0.030815972884496053
0 0.7175926244314847 0.015407986442248027 0.03703702111759096 0.030815972884496053
0 0.7453703544509243 0.015407986442248027 0.07407411387268927 0.030815972884496053
0 0.7777778016569469 0.015407986442248027 0.08333333333333333 0.030815972884496053
0 0.7870370927550983 0.00719039390484492 0.08333333333333333 0.01438078780968984
0 0.7916666666666666 0.015407986442248027 0.07407411387268927 0.030815972884496053
0 0.8101852488629695 0.015407986442248027 0.07407411387268927 0.030815972884496053
0 0.8333334049708406 0.015407986442248027 0.08333333333333333 0.030815972884496053
0 0.837962978882409 0.00719039390484492 0.055555531676386445 0.01438078780968984
0 0.8518519155296361 0.015407986442248027 0.04629631221574237 0.030815972884496053
0 0.875 0.015407986442248027 0.0925925527939774 0.030815972884496053
0 0.8981482277453785 0.015407986442248027 0.10185184389212881 0.030815972884496053
0 0.9259259577648181 0.015407986442248027 0.08333333333333333 0.030815972884496053
0 0.9259259577648181 0.00719039390484492 0.06481482277453786 0.01438078780968984
0 0.9398148944120452 0.00719039390484492 0.055555531676386445 0.01438078780968984
0 0.9444445399611209 0.00719039390484492 0.02777780165694689 0.01438078780968984
0 0.953703759421765 0.00719039390484492 0.027777730019439555 0.01438078780968984
0 0.9583334049708406 0.015407986442248027 0.03703702111759096 0.030815972884496053
0 0.9675926244314847 0.015407986442248027 0.03703702111759096 0.030815972884496053
0 0.9768519155296361 0.015407986442248027 0.03703702111759096 0.030815972884496053
0 0.974537021117591 0.04006076653798421 0.05092588612731074 0.08012153307596842
0 0.039351852846817234 0.023625580469767253 0.07870370569363447 0.047251160939534506
0 0.02546296321170431 0.023625580469767253 0.05092592642340862 0.047251160939534506
0 0.041666666666666664 0.023625580469767253 0.055555558540451695 0.047251160939534506
0 0.055555558540451695 0.015407986442248027 0.04629629430636554 0.030815972884496053
0 0.06481481829719364 0.015407986442248027 0.04629630326105395 0.030815972884496053
0 0.0740740780539356 0.015407986442248027 0.04629629878370974 0.030815972884496053
0 0.08333333333333333 0.015407986442248027 0.04629630326105395 0.030815972884496053
0 0.0879629609730322 0.015407986442248027 0.0185185195134839 0.030815972884496053
0 0.09722223416180678 0.015407986442248027 0.0185185195134839 0.030815972884496053
0 0.10648148944120452 0.015407986442248027 0.0185185195134839 0.030815972884496053
0 0.1250000089546884 0.015407986442248027 0.0370370390269678 0.030815972884496053
0 0.13425926423408616 0.015407986442248027 0.0370370390269678 0.030815972884496053
0 0.1481481561078712 0.015407986442248027 0.04629630326105395 0.030815972884496053
0 0.15740741138726894 0.015407986442248027 0.04629630326105395 0.030815972884496053
0 0.1759259219460644 0.015407986442248027 0.04629629430636554 0.030815972884496053
0 0.1759259219460644 0.015407986442248027 0.027777783747570055 0.030815972884496053
0 0.18981482277453784 0.015407986442248027 0.0370370390269678 0.030815972884496053
0 0.1990740780539356 0.015407986442248027 0.0370370390269678 0.030815972884496053
0 0.20833333333333334 0.015407986442248027 0.0370370390269678 0.030815972884496053
0 0.21759258861273106 0.015407986442248027 0.0370370390269678 0.030815972884496053
0 0.23148148944120453 0.015407986442248027 0.027777783747570055 0.030815972884496053
0 0.24074074472060225 0.015407986442248027 0.027777783747570055 0.030815972884496053
0 0.2546296455490757 0.015407986442248027 0.05555556749514011 0.030815972884496053
0 0.273148174017248 0.015407986442248027 0.05555556749514011 0.030815972884496053
0 0.2731481561078712 0.015407986442248027 0.0370370390269678 0.030815972884496053
0 0.28240742929664575 0.015407986442248027 0.03703705693634463 0.030815972884496053
0 0.36111113499028025 0.023625580469767253 0.10185184389212881 0.047251160939534506
0 0.38425929109815143 0.023625580469767253 0.09259258861273108 0.047251160939534506
0 0.3796296455490757 0.015407986442248027 0.02777780165694689 0.030815972884496053
0 0.3888889366472271 0.015407986442248027 0.027777765838193223 0.030815972884496053
0 0.3981481561078712 0.015407986442248027 0.027777765838193223 0.030815972884496053
0 0.4120370569363446 0.015407986442248027 0.03703702111759096 0.030815972884496053
0 0.4212963122157424 0.015407986442248027 0.03703702111759096 0.030815972884496053
0 0.4305555674951401 0.015407986442248027 0.03703702111759096 0.030815972884496053
0 0.44907411387268925 0.015407986442248027 0.03703705693634463 0.030815972884496053
0 0.46296297888240906 0.015407986442248027 0.04629631221574237 0.030815972884496053
0 0.4768518797108825 0.015407986442248027 0.03703702111759096 0.030815972884496053
0 0.5185185463775491 0.023625580469767253 0.06481482277453786 0.047251160939534506
0 0.5324074472060226 0.04827835957209269 0.05555556749514011 0.09655671914418539
0 0.5509259577648181 0.015407986442248027 0.05555556749514011 0.030815972884496053
0 0.5740741138726893 0.015407986442248027 0.0462962763969887 0.030815972884496053
0 0.5925926244314847 0.023625580469767253 0.06481478695578419 0.047251160939534506
0 0.6203703544509243 0.023625580469767253 0.10185184389212881 0.047251160939534506
0 0.6064814894412045 0.023625580469767253 0.05555556749514011 0.047251160939534506
0 0.6203704260884316 0.023625580469767253 0.04629634803449604 0.047251160939534506
0 0.625 0.023625580469767253 0.05555556749514011 0.047251160939534506
0 0.6435185821963029 0.04006076653798421 0.07407411387268927 0.08012153307596842
0 0.6666666666666666 0.023625580469767253 0.10185184389212881 0.047251160939534506
0 0.6666666666666666 0.023625580469767253 0.04629624057823504 0.047251160939534506
0 0.6990741138726893 0.023625580469767253 0.03703702111759096 0.047251160939534506
0 0.7083333333333334 0.023625580469767253 0.055555531676386445 0.047251160939534506
0 0.7175926244314847 0.023625580469767253 0.05555560331389378 0.047251160939534506
0 0.7268519155296361 0.04827835957209269 0.055555531676386445 0.09655671914418539
0 0.7777778016569469 0.00719039390484492 0.08333333333333333 0.01438078780968984
0 0.7870370927550983 0.015407986442248027 0.08333333333333333 0.030815972884496053
0 0.8055556033138938 0.023625580469767253 0.10185184389212881 0.047251160939534506
0 0.8240741138726893 0.023625580469767253 0.08333333333333333 0.047251160939534506
0 0.837962978882409 0.023625580469767253 0.07407411387268927 0.047251160939534506
0 0.8564815610787119 0.023625580469767253 0.07407411387268927 0.047251160939534506
0 0.8703704260884316 0.023625580469767253 0.08333333333333333 0.047251160939534506
0 0.8842592910981514 0.023625580469767253 0.07407404223518192 0.047251160939534506
0 0.8796296455490757 0.023625580469767253 0.12037042608843163 0.047251160939534506
0 0.916666738304174 0.015407986442248027 0.08333333333333333 0.030815972884496053
0 0.9074074472060226 0.015407986442248027 0.027777730019439555 0.030815972884496053
0 0.9166666666666666 0.015407986442248027 0.02777780165694689 0.030815972884496053
0 0.9259259577648181 0.015407986442248027 0.02777780165694689 0.030815972884496053
0 0.9444444683236135 0.00719039390484492 0.04629631221574237 0.01438078780968984
0 0.9537036877842576 0.015407986442248027 0.06481482277453786 0.030815972884496053
0 0.9675926244314847 0.023625580469767253 0.03703702111759096 0.047251160939534506
0 0.9675926244314847 0.015407986442248027 0.055555531676386445 0.030815972884496053
0 0.974537021117591 0.023625580469767253 0.05092588612731074 0.047251160939534506
0 0.03240740690992472 0.031843173503875735 0.055555558540451695 0.06368634700775147
0 0.0370370390269678 0.031843173503875735 0.04629629430636554 0.06368634700775147
0 0.055555558540451695 0.031843173503875735 0.04629629430636554 0.06368634700775147
0 0.06481481829719364 0.031843173503875735 0.04629630326105395 0.06368634700775147
0 0.0879629609730322 0.031843173503875735 0.09259259756741949 0.06368634700775147
0 0.11111111708090339 0.023625580469767253 0.08333333333333333 0.047251160939534506
0 0.12037037236030113 0.023625580469767253 0.12037038131498955 0.047251160939534506
0 0.12962963659438728 0.023625580469767253 0.04629629430636554 0.047251160939534506
0 0.13888889187378503 0.023625580469767253 0.04629629430636554 0.047251160939534506
0 0.1481481561078712 0.023625580469767253 0.04629630326105395 0.047251160939534506
0 0.16203703902696778 0.023625580469767253 0.055555558540451695 0.047251160939534506
0 0.16666666666666666 0.023625580469767253 0.027777783747570055 0.047251160939534506
0 0.1759259219460644 0.023625580469767253 0.027777783747570055 0.047251160939534506
0 0.18518519513483897 0.023625580469767253 0.027777765838193223 0.047251160939534506
0 0.19444446832361356 0.023625580469767253 0.027777783747570055 0.047251160939534506
0 0.2037037236030113 0.023625580469767253 0.027777783747570055 0.047251160939534506
0 0.21296297888240903 0.015407986442248027 0.027777783747570055 0.030815972884496053
0 0.24074074472060225 0.023625580469767253 0.04629629430636554 0.047251160939534506
0 0.25 0.023625580469767253 0.04629629430636554 0.047251160939534506
0 0.25925927318877456 0.023625580469767253 0.04629631221574237 0.047251160939534506
0 0.2731481561078712 0.023625580469767253 0.0370370390269678 0.047251160939534506
0 0.28240742929664575 0.023625580469767253 0.03703705693634463 0.047251160939534506
0 0.2962963122157424 0.023625580469767253 0.04629631221574237 0.047251160939534506
0 0.3055555674951401 0.023625580469767253 0.04629629430636554 0.047251160939534506
0 0.3101852130442158 0.023625580469767253 0.05555554958576328 0.047251160939534506
0 0.32407411387268925 0.023625580469767253 0.0462962763969887 0.047251160939534506
0 0.33796297888240906 0.023625580469767253 0.055555531676386445 0.047251160939534506
0 0.3564814894412045 0.023625580469767253 0.03703705693634463 0.047251160939534506
0 0.37037039026967794 0.023625580469767253 0.02777780165694689 0.047251160939534506
0 0.3796296455490757 0.023625580469767253 0.02777780165694689 0.047251160939534506
0 0.3888889366472271 0.023625580469767253 0.027777765838193223 0.047251160939534506
0 0.3981481561078712 0.023625580469767253 0.027777765838193223 0.047251160939534506
0 0.4027778016569469 0.023625580469767253 0.03703702111759096 0.047251160939534506
0 0.4212963122157424 0.023625580469767253 0.03703702111759096 0.047251160939534506
0 0.4305555674951401 0.023625580469767253 0.03703702111759096 0.047251160939534506
0 0.4398148227745379 0.023625580469767253 0.03703705693634463 0.047251160939534506
0 0.44907411387268925 0.023625580469767253 0.05555556749514011 0.047251160939534506
0 0.46296297888240906 0.138671875 0.04629631221574237 0.27734375
0 0.47222223416180675 0.138671875 0.04629631221574237 0.27734375
0 0.4814814894412045 0.138671875 0.0462962763969887 0.27734375
0 0.49074078053935594 0.138671875 0.0462962763969887 0.27734375
0 0.5 0.138671875 0.0462962763969887 0.27734375
0 0.5138889366472271 0.138671875 0.03703705693634463 0.27734375
0 0.5231481561078711 0.138671875 0.03703705693634463 0.27734375
0 0.5324074472060226 0.023625580469767253 0.03703705693634463 0.047251160939534506
0 0.5416666666666666 0.138671875 0.03703705693634463 0.27734375
0 0.5601852130442159 0.138671875 0.03703702111759096 0.27734375
0 0.5694444683236135 0.138671875 0.03703702111759096 0.27734375
0 0.5787037236030113 0.138671875 0.03703702111759096 0.27734375
0 0.5972222699805605 0.138671875 0.03703705693634463 0.27734375
0 0.6064814894412045 0.023625580469767253 0.03703702111759096 0.047251160939534506
0 0.6157407805393559 0.138671875 0.03703705693634463 0.27734375
0 0.625 0.138671875 0.0370370927550983 0.27734375
0 0.6342592910981514 0.138671875 0.03703702111759096 0.27734375
0 0.6435185821963029 0.138671875 0.0370370927550983 0.27734375
0 0.6527778016569469 0.138671875 0.03703702111759096 0.27734375
0 0.6666666666666666 0.023625580469767253 0.04629624057823504 0.047251160939534506
0 0.6759259577648181 0.023625580469767253 0.04629631221574237 0.047251160939534506
0 0.6851852488629695 0.023625580469767253 0.08333333333333333 0.047251160939534506
0 0.6990741138726893 0.023625580469767253 0.07407404223518192 0.047251160939534506
0 0.6990741138726893 0.138671875 0.03703702111759096 0.27734375
0 0.7083333333333334 0.138671875 0.0370370927550983 0.27734375
0 0.7175926244314847 0.138671875 0.03703702111759096 0.27734375
0 0.7268519155296361 0.138671875 0.0370370927550983 0.27734375
0 0.7453703544509243 0.023625580469767253 0.055555531676386445 0.047251160939534506
0 0.7731482277453785 0.023625580469767253 0.0925925527939774 0.047251160939534506
0 0.7916666666666666 0.015407986442248027 0.0925925527939774 0.030815972884496053
0 0.8009259577648181 0.023625580469767253 0.09259262443148474 0.047251160939534506
0 0.8425926244314847 0.023625580469767253 0.06481482277453786 0.047251160939534506
0 0.8657407805393559 0.023625580469767253 0.07407404223518192 0.047251160939534506
0 0.8796296455490757 0.023625580469767253 0.08333333333333333 0.047251160939534506
0 0.8935185821963029 0.023625580469767253 0.07407411387268927 0.047251160939534506
0 0.8796296455490757 0.023625580469767253 0.1574074472060226 0.047251160939534506
0 0.916666738304174 0.023625580469767253 0.08333333333333333 0.047251160939534506
0 0.9074074472060226 0.023625580469767253 0.04629631221574237 0.047251160939534506
0 0.912037021117591 0.023625580469767253 0.01851851055879548 0.047251160939534506
0 0.953703759421765 0.023625580469767253 0.08333333333333333 0.047251160939534506
0 0.9560185821963029 0.023625580469767253 0.0879629072449017 0.047251160939534506
0 0.9606481561078711 0.023625580469767253 0.07870368778425763 0.047251160939534506
0 0.9652778016569469 0.023625580469767253 0.06944439668610622 0.047251160939534506
0 0.9884259577648181 0.023625580469767253 0.02314808447036385 0.047251160939534506
0 0.039351852846817234 0.04006076653798421 0.07870370569363447 0.08012153307596842
0 0.027777779270225848 0.047251160939534506 0.04629629430636554 0.06574074427286784
0 0.04629629878370974 0.047251160939534506 0.08333334228802175 0.06574074427286784
0 0.05787037236030113 0.047251160939534506 0.11574074472060226 0.06574074427286784
0 0.08333334228802175 0.05546875397364299 0.12037038131498955 0.04930555820465088
0 0.08796296992772062 0.047251160939534506 0.12962963659438728 0.032870374123255414
0 0.09722222520711836 0.039033567905426024 0.12962962763969887 0.04930555820465088
0 0.125 0.039033567905426024 0.12962963659438728 0.04930555820465088
0 0.15740741138726894 0.031843173503875735 0.10185186180150566 0.06368634700775147
0 0.1435185284681723 0.039033567905426024 0.0740740780539356 0.04930555820465088
0 0.15740741138726894 0.039033567905426024 0.08333333333333333 0.04930555820465088
0 0.16666666666666666 0.039033567905426024 0.027777783747570055 0.04930555820465088
0 0.1759259219460644 0.030815974871317545 0.027777783747570055 0.03287037213643392
