0 0.05324074472060226 0.023625580469767253 0.10648148944120452 0.047251160939534506
0 0.041666666666666664 0.00719039390484492 0.0740740780539356 0.01438078780968984
0 0.06944445041423672 0.00719039390484492 0.03703704350431201 0.01438078780968984
0 0.0740740780539356 0.00719039390484492 0.027777783747570055 0.01438078780968984
0 0.06944444593689252 0.00719039390484492 0.055555558540451695 0.01438078780968984
0 0.10185186180150566 0.00719039390484492 0.009259264234086158 0.01438078780968984
0 0.10185186180150566 0.00719039390484492 0.02777777479288164 0.01438078780968984
0 0.11111111708090339 0.00719039390484492 0.027777783747570055 0.01438078780968984
0 0.12962963659438728 0.00719039390484492 0.00925925527939774 0.01438078780968984
0 0.13888890082847344 0.00719039390484492 0.009259264234086158 0.01438078780968984
0 0.13888890082847344 0.00719039390484492 0.02777777479288164 0.01438078780968984
0 0.15740741138726894 0.00719039390484492 0.00925925527939774 0.01438078780968984
0 0.16203705693634463 0.00719039390484492 0.018518528468172316 0.01438078780968984
0 0.17592593985544125 0.00719039390484492 0.00925925527939774 0.01438078780968984
0 0.1759259219460644 0.00719039390484492 0.027777783747570055 0.01438078780968984
0 0.18518519513483897 0.00719039390484492 0.027777765838193223 0.01438078780968984
0 0.2037037236030113 0.00719039390484492 0.009259273188774574 0.01438078780968984
0 0.21296297888240903 0.00719039390484492 0.00925925527939774 0.01438078780968984
0 0.21296297888240903 0.00719039390484492 0.027777783747570055 0.01438078780968984
0 0.22222223416180678 0.00719039390484492 0.027777765838193223 0.01438078780968984
0 0.23148148944120453 0.00719039390484492 0.027777783747570055 0.01438078780968984
0 0.2175926065221079 0.00719039390484492 0.0740740780539356 0.01438078780968984
0 0.23148148944120453 0.00719039390484492 0.06481482277453786 0.01438078780968984
0 0.2500000179093768 0.015407986442248027 0.08333333333333333 0.030815972884496053
0 0.28240741138726894 0.00719039390484492 0.018518528468172316 0.01438078780968984
0 0.2870370569363446 0.00719039390484492 0.02777780165694689 0.01438078780968984
0 0.2777778016569469 0.04006076653798421 0.06481482277453786 0.08012153307596842
0 0.2870370569363446 0.00719039390484492 0.06481482277453786 0.01438078780968984
0 0.32407411387268925 0.00719039390484492 0.00925925527939774 0.01438078780968984
0 0.32407411387268925 0.00719039390484492 0.027777765838193223 0.01438078780968984
0 0.34259262443148475 0.00719039390484492 0.00925925527939774 0.01438078780968984
0 0.34722223416180675 0.00719039390484492 0.01851851055879548 0.01438078780968984
0 0.36574078053935594 0.00719039390484492 0.03703705693634463 0.01438078780968984
0 0.37037039026967794 0.00719039390484492 0.02777780165694689 0.01438078780968984
0 0.3518518797108825 0.04006076653798421 0.08333333333333333 0.08012153307596842
0 0.37037039026967794 0.00719039390484492 0.06481482277453786 0.01438078780968984
0 0.4074074472060226 0.00719039390484492 0.0462962763969887 0.01438078780968984
0 0.4074074472060226 0.00719039390484492 0.027777765838193223 0.01438078780968984
0 0.4166666666666667 0.00719039390484492 0.027777765838193223 0.01438078780968984
0 0.42592595776481806 0.00719039390484492 0.027777765838193223 0.01438078780968984
0 0.4351851772254621 0.00719039390484492 0.027777765838193223 0.01438078780968984
0 0.44444446832361356 0.00719039390484492 0.02777780165694689 0.01438078780968984
0 0.4537037236030113 0.00719039390484492 0.06481482277453786 0.01438078780968984
0 0.46296297888240906 0.00719039390484492 0.04629631221574237 0.01438078780968984
0 0.4814814894412045 0.00719039390484492 0.027777765838193223 0.01438078780968984
0 0.49074078053935594 0.00719039390484492 0.027777765838193223 0.01438078780968984
0 0.5 0.00719039390484492 0.027777765838193223 0.01438078780968984
0 0.5 0.00719039390484492 0.0462962763969887 0.01438078780968984
0 0.5092592910981514 0.00719039390484492 0.04629631221574237 0.01438078780968984
0 0.5277778016569469 0.00719039390484492 0.02777780165694689 0.01438078780968984
0 0.5370370569363446 0.00719039390484492 0.02777780165694689 0.01438078780968984
0 0.5462963122157424 0.00719039390484492 0.027777765838193223 0.01438078780968984
0 0.5648148227745379 0.00719039390484492 0.00925925527939774 0.01438078780968984
0 0.5740741138726893 0.00719039390484492 0.00925925527939774 0.01438078780968984
0 0.5740741138726893 0.00719039390484492 0.027777765838193223 0.01438078780968984
0 0.5833333333333334 0.00719039390484492 0.027777765838193223 0.01438078780968984
0 0.6064814894412045 0.00719039390484492 0.01851854637754915 0.01438078780968984
0 0.6111111349902802 0.00719039390484492 0.027777765838193223 0.01438078780968984
0 0.6203703544509243 0.00719039390484492 0.02777780165694689 0.01438078780968984
0 0.6296296455490757 0.00719039390484492 0.02777780165694689 0.01438078780968984
0 0.6388889366472271 0.00719039390484492 0.02777780165694689 0.01438078780968984
0 0.6481482277453785 0.00719039390484492 0.02777780165694689 0.01438078780968984
0 0.6574074472060226 0.00719039390484492 0.027777730019439555 0.01438078780968984
0 0.6666666666666666 0.00719039390484492 0.02777780165694689 0.01438078780968984
0 0.6759259577648181 0.00719039390484492 0.027777730019439555 0.01438078780968984
0 0.6851852488629695 0.00719039390484492 0.02777780165694689 0.01438078780968984
0 0.6944444683236135 0.00719039390484492 0.027777730019439555 0.01438078780968984
0 0.7037036877842576 0.00719039390484492 0.02777780165694689 0.01438078780968984
0 0.7175926244314847 0.00719039390484492 0.018518582196302816 0.01438078780968984
0 0.7222222699805605 0.00719039390484492 0.02777780165694689 0.01438078780968984
0 0.7314815610787119 0.00719039390484492 0.02777780165694689 0.01438078780968984
0 0.7407407805393559 0.00719039390484492 0.027777730019439555 0.01438078780968984
0 0.7407407805393559 0.04006076653798421 0.04629631221574237 0.08012153307596842
0 0.75 0.00719039390484492 0.04629624057823504 0.01438078780968984
0 0.7685185821963029 0.00719039390484492 0.02777780165694689 0.01438078780968984
0 0.7777778732944542 0.00719039390484492 0.02777780165694689 0.01438078780968984
0 0.787037021117591 0.00719039390484492 0.02777780165694689 0.01438078780968984
0 0.7962963122157424 0.00719039390484492 0.02777780165694689 0.01438078780968984
0 0.8055556033138938 0.00719039390484492 0.027777730019439555 0.01438078780968984
0 0.8148148944120452 0.00719039390484492 0.02777780165694689 0.01438078780968984
0 0.8148148944120452 0.00719039390484492 0.04629624057823504 0.01438078780968984
0 0.8425926244314847 0.015407986442248027 0.027777730019439555 0.030815972884496053
0 0.8518519155296361 0.00719039390484492 0.02777780165694689 0.01438078780968984
0 0.8611112066277875 0.00719039390484492 0.02777780165694689 0.01438078780968984
0 0.8703703544509243 0.00719039390484492 0.02777780165694689 0.01438078780968984
0 0.8796296455490757 0.00719039390484492 0.02777780165694689 0.01438078780968984
0 0.8888889366472271 0.00719039390484492 0.027777730019439555 0.01438078780968984
0 0.8981482277453785 0.00719039390484492 0.02777780165694689 0.01438078780968984
0 0.9074074472060226 0.00719039390484492 0.027777730019439555 0.01438078780968984
0 0.9166666666666666 0.00719039390484492 0.02777780165694689 0.01438078780968984
0 0.9259259577648181 0.00719039390484492 0.02777780165694689 0.01438078780968984
0 0.9351852488629695 0.00719039390484492 0.02777780165694689 0.01438078780968984
0 0.9444445399611209 0.00719039390484492 0.02777780165694689 0.01438078780968984
0 0.953703759421765 0.00719039390484492 0.027777730019439555 0.01438078780968984
0 0.962962978882409 0.00719039390484492 0.02777780165694689 0.01438078780968984
0 0.9722222699805605 0.00719039390484492 0.027777730019439555 0.01438078780968984
0 0.9722222699805605 0.00719039390484492 0.04629631221574237 0.01438078780968984
0 0.039351852846817234 0.015407986442248027 0.07870370569363447 0.030815972884496053
0 0.055555558540451695 0.0 0.08333333333333333 0.0
0 0.04629629878370974 0.00719039390484492 0.027777777031553742 0.01438078780968984
0 0.05092592642340862 0.00719039390484492 0.0185185195134839 0.01438078780968984
0 0.06018518618015056 0.00719039390484492 0.0185185195134839 0.01438078780968984
0 0.08333333333333333 0.00719039390484492 0.027777779270225848 0.01438078780968984
0 0.09259259756741949 0.00719039390484492 0.027777783747570055 0.01438078780968984
0 0.10185186180150566 0.00719039390484492 0.02777777479288164 0.01438078780968984
0 0.11111111708090339 0.00719039390484492 0.027777783747570055 0.01438078780968984
0 0.12037037236030113 0.015407986442248027 0.02777777479288164 0.030815972884496053
0 0.12962963659438728 0.00719039390484492 0.027777783747570055 0.01438078780968984
0 0.13888890082847344 0.00719039390484492 0.02777777479288164 0.01438078780968984
0 0.1481481561078712 0.015407986442248027 0.02777777479288164 0.030815972884496053
0 0.15740741138726894 0.015407986442248027 0.027777783747570055 0.030815972884496053
0 0.16666666666666666 0.015407986442248027 0.027777783747570055 0.030815972884496053
0 0.18518519513483897 0.015407986442248027 0.027777765838193223 0.030815972884496053
0 0.19444446832361356 0.015407986442248027 0.027777783747570055 0.030815972884496053
0 0.2037037236030113 0.00719039390484492 0.027777783747570055 0.01438078780968984
0 0.24074074472060225 0.00719039390484492 0.027777783747570055 0.01438078780968984
0 0.25 0.00719039390484492 0.04629629430636554 0.01438078780968984
0 0.2685185463775491 0.00719039390484492 0.027777783747570055 0.01438078780968984
0 0.2777778016569469 0.0 0.027777783747570055 0.0
0 0.2870370569363446 0.0 0.02777780165694689 0.0
0 0.2962963122157424 0.00719039390484492 0.027777783747570055 0.01438078780968984
0 0.2962963122157424 0.023625580469767253 0.04629631221574237 0.047251160939534506
0 0.31944446832361356 0.015407986442248027 0.01851851055879548 0.030815972884496053
0 0.32407411387268925 0.00719039390484492 0.027777765838193223 0.01438078780968984
0 0.33796297888240906 0.056495952606201175 0.01851851055879548 0.11299190521240235
0 0.34722223416180675 0.00719039390484492 0.01851851055879548 0.01438078780968984
0 0.3564814894412045 0.0 0.01851851055879548 0.0
0 0.36111113499028025 0.00719039390484492 0.02777780165694689 0.01438078780968984
0 0.3796296455490757 0.015407986442248027 0.02777780165694689 0.030815972884496053
0 0.3935185463775491 0.015407986442248027 0.01851851055879548 0.030815972884496053
0 0.3981481561078712 0.015407986442248027 0.027777765838193223 0.030815972884496053
0 0.4074074472060226 0.015407986442248027 0.027777765838193223 0.030815972884496053
0 0.44444446832361356 0.015407986442248027 0.02777780165694689 0.030815972884496053
0 0.4537037236030113 0.015407986442248027 0.02777780165694689 0.030815972884496053
0 0.46296297888240906 0.00719039390484492 0.02777780165694689 0.01438078780968984
0 0.47222226998056044 0.00719039390484492 0.027777765838193223 0.01438078780968984
0 0.4814814894412045 0.00719039390484492 0.027777765838193223 0.01438078780968984
0 0.49074078053935594 0.00719039390484492 0.027777765838193223 0.01438078780968984
0 0.5 0.00719039390484492 0.027777765838193223 0.01438078780968984
0 0.5092592910981514 0.00719039390484492 0.027777765838193223 0.01438078780968984
0 0.5185185463775491 0.00719039390484492 0.02777780165694689 0.01438078780968984
0 0.5277778016569469 0.015407986442248027 0.02777780165694689 0.030815972884496053
0 0.5370370569363446 0.015407986442248027 0.02777780165694689 0.030815972884496053
0 0.5462963122157424 0.015407986442248027 0.027777765838193223 0.030815972884496053
0 0.5555556033138938 0.00719039390484492 0.027777765838193223 0.01438078780968984
0 0.5648148227745379 0.00719039390484492 0.027777765838193223 0.01438078780968984
0 0.5740741138726893 0.00719039390484492 0.027777765838193223 0.01438078780968984
0 0.5833333333333334 0.015407986442248027 0.027777765838193223 0.030815972884496053
0 0.5925926244314847 0.015407986442248027 0.027777765838193223 0.030815972884496053
0 0.6018519155296361 0.015407986442248027 0.02777780165694689 0.030815972884496053
0 0.6111111349902802 0.00719039390484492 0.027777765838193223 0.01438078780968984
0 0.6203703544509243 0.015407986442248027 0.02777780165694689 0.030815972884496053
0 0.6296296455490757 0.015407986442248027 0.02777780165694689 0.030815972884496053
0 0.6388889366472271 0.015407986442248027 0.02777780165694689 0.030815972884496053
0 0.6666666666666666 0.015407986442248027 0.02777780165694689 0.030815972884496053
0 0.6851852488629695 0.015407986442248027 0.02777780165694689 0.030815972884496053
0 0.6944444683236135 0.015407986442248027 0.027777730019439555 0.030815972884496053
0 0.7037036877842576 0.015407986442248027 0.02777780165694689 0.030815972884496053
0 0.712962978882409 0.015407986442248027 0.02777780165694689 0.030815972884496053
0 0.7222222699805605 0.015407986442248027 0.02777780165694689 0.030815972884496053
0 0.7314815610787119 0.015407986442248027 0.02777780165694689 0.030815972884496053
0 0.7407407805393559 0.015407986442248027 0.04629631221574237 0.030815972884496053
0 0.7592592910981514 0.015407986442248027 0.027777730019439555 0.030815972884496053
0 0.7685185821963029 0.015407986442248027 0.02777780165694689 0.030815972884496053
0 0.7777778732944542 0.015407986442248027 0.02777780165694689 0.030815972884496053
0 0.787037021117591 0.015407986442248027 0.02777780165694689 0.030815972884496053
0 0.7962963122157424 0.015407986442248027 0.02777780165694689 0.030815972884496053
0 0.8055556033138938 0.015407986442248027 0.027777730019439555 0.030815972884496053
0 0.8148148944120452 0.015407986442248027 0.02777780165694689 0.030815972884496053
0 0.8148148944120452 0.015407986442248027 0.04629624057823504 0.030815972884496053
0 0.8333333333333334 0.015407986442248027 0.02777780165694689 0.030815972884496053
0 0.8564815610787119 0.015407986442248027 0.01851851055879548 0.030815972884496053
0 0.9444445399611209 0.023625580469767253 0.02777780165694689 0.047251160939534506
0 0.9722222699805605 0.015407986442248027 0.027777730019439555 0.030815972884496053
0 0.9722222699805605 0.04006076653798421 0.04629631221574237 0.08012153307596842
0 0.011574074695927436 0.015407986442248027 0.02314814939185487 0.030815972884496053
0 0.0185185195134839 0.015407986442248027 0.027777779270225848 0.030815972884496053
0 0.027777779270225848 0.015407986442248027 0.027777777031553742 0.030815972884496053
0 0.0370370390269678 0.015407986442248027 0.027777777031553742 0.030815972884496053
0 0.06018518618015056 0.015407986442248027 0.0370370390269678 0.030815972884496053
0 0.06481481381984944 0.015407986442248027 0.027777779270225848 0.030815972884496053
0 0.0740740780539356 0.015407986442248027 0.027777783747570055 0.030815972884496053
0 0.07870370569363447 0.015407986442248027 0.0370370390269678 0.030815972884496053
0 0.08796296992772062 0.015407986442248027 0.03703704350431201 0.030815972884496053
0 0.09722222520711836 0.015407986442248027 0.0370370390269678 0.030815972884496053
0 0.10648148944120452 0.015407986442248027 0.0370370390269678 0.030815972884496053
0 0.12962963659438728 0.015407986442248027 0.027777783747570055 0.030815972884496053
0 0.13888890082847344 0.015407986442248027 0.02777777479288164 0.030815972884496053
0 0.1759259219460644 0.015407986442248027 0.027777783747570055 0.030815972884496053
0 0.20833333333333334 0.015407986442248027 0.018518528468172316 0.030815972884496053
0 0.2175926065221079 0.015407986442248027 0.01851851055879548 0.030815972884496053
0 0.22222223416180678 0.015407986442248027 0.027777765838193223 0.030815972884496053
0 0.23148148944120453 0.015407986442248027 0.027777783747570055 0.030815972884496053
0 0.24074074472060225 0.015407986442248027 0.027777783747570055 0.030815972884496053
0 0.24074074472060225 0.015407986442248027 0.04629629430636554 0.030815972884496053
0 0.2546296455490757 0.015407986442248027 0.0370370390269678 0.030815972884496053
0 0.2685185463775491 0.015407986442248027 0.027777783747570055 0.030815972884496053
0 0.2777778016569469 0.015407986442248027 0.027777783747570055 0.030815972884496053
0 0.2870370569363446 0.015407986442248027 0.02777780165694689 0.030815972884496053
0 0.3148148227745379 0.015407986442248027 0.027777765838193223 0.030815972884496053
0 0.32407411387268925 0.015407986442248027 0.027777765838193223 0.030815972884496053
0 0.33796297888240906 0.015407986442248027 0.01851851055879548 0.030815972884496053
0 0.3564814894412045 0.015407986442248027 0.01851851055879548 0.030815972884496053
0 0.38425929109815143 0.023625580469767253 0.01851851055879548 0.047251160939534506
0 0.3888889366472271 0.023625580469767253 0.027777765838193223 0.047251160939534506
0 0.4166666666666667 0.023625580469767253 0.027777765838193223 0.047251160939534506
0 0.42592595776481806 0.015407986442248027 0.027777765838193223 0.030815972884496053
0 0.42592595776481806 0.015407986442248027 0.0462962763969887 0.030815972884496053
0 0.4351852130442158 0.023625580469767253 0.04629631221574237 0.047251160939534506
0 0.4537037236030113 0.023625580469767253 0.04629631221574237 0.047251160939534506
0 0.4583333333333333 0.023625580469767253 0.03703705693634463 0.047251160939534506
0 0.46759262443148475 0.015407986442248027 0.03703705693634463 0.030815972884496053
0 0.4814814894412045 0.015407986442248027 0.027777765838193223 0.030815972884496053
0 0.49074078053935594 0.015407986442248027 0.027777765838193223 0.030815972884496053
0 0.5046296455490757 0.015407986442248027 0.03703702111759096 0.030815972884496053
0 0.5185185463775491 0.015407986442248027 0.04629631221574237 0.030815972884496053
0 0.5324074472060226 0.015407986442248027 0.03703705693634463 0.030815972884496053
0 0.5416666666666666 0.015407986442248027 0.03703705693634463 0.030815972884496053
0 0.5509259577648181 0.015407986442248027 0.03703702111759096 0.030815972884496053
0 0.5648148227745379 0.015407986442248027 0.027777765838193223 0.030815972884496053
0 0.5740741138726893 0.015407986442248027 0.027777765838193223 0.030815972884496053
0 0.5740741138726893 0.015407986442248027 0.0462962763969887 0.030815972884496053
0 0.5833333333333334 0.015407986442248027 0.0462962763969887 0.030815972884496053
0 0.5972222699805605 0.015407986442248027 0.03703705693634463 0.030815972884496053
0 0.6111111349902802 0.015407986442248027 0.027777765838193223 0.030815972884496053
0 0.6157407805393559 0.015407986442248027 0.03703705693634463 0.030815972884496053
0 0.625 0.015407986442248027 0.0370370927550983 0.030815972884496053
0 0.6342592910981514 0.015407986442248027 0.03703702111759096 0.030815972884496053
0 0.6435185821963029 0.015407986442248027 0.0370370927550983 0.030815972884496053
0 0.6527778016569469 0.023625580469767253 0.03703702111759096 0.047251160939534506
0 0.662037021117591 0.023625580469767253 0.055555531676386445 0.047251160939534506
0 0.6759259577648181 0.023625580469767253 0.04629631221574237 0.047251160939534506
0 0.6898148227745379 0.015407986442248027 0.03703702111759096 0.030815972884496053
0 0.6990741138726893 0.015407986442248027 0.03703702111759096 0.030815972884496053
0 0.7083333333333334 0.015407986442248027 0.0370370927550983 0.030815972884496053
0 0.7222222699805605 0.015407986442248027 0.02777780165694689 0.030815972884496053
0 0.7361111349902802 0.015407986442248027 0.03703702111759096 0.030815972884496053
0 0.7407407805393559 0.023625580469767253 0.04629631221574237 0.047251160939534506
0 0.7546296455490757 0.023625580469767253 0.03703702111759096 0.047251160939534506
0 0.7592592910981514 0.056495952606201175 0.04629631221574237 0.11299190521240235
0 0.7731482277453785 0.023625580469767253 0.0370370927550983 0.047251160939534506
0 0.7824074472060226 0.056495952606201175 0.03703702111759096 0.11299190521240235
0 0.7916666666666666 0.015407986442248027 0.0370370927550983 0.030815972884496053
0 0.8009259577648181 0.015407986442248027 0.03703702111759096 0.030815972884496053
0 0.8101852488629695 0.023625580469767253 0.03703702111759096 0.047251160939534506
0 0.8194444683236135 0.023625580469767253 0.03703702111759096 0.047251160939534506
0 0.828703759421765 0.023625580469767253 0.03703702111759096 0.047251160939534506
0 0.837962978882409 0.023625580469767253 0.03703702111759096 0.047251160939534506
0 0.8472222699805605 0.023625580469767253 0.03703702111759096 0.047251160939534506
0 0.8518519155296361 0.056495952606201175 0.04629631221574237 0.11299190521240235
0 0.8703704260884316 0.031843173503875735 0.04629631221574237 0.06368634700775147
0 0.8796296455490757 0.031843173503875735 0.02777780165694689 0.06368634700775147
0 0.8888889366472271 0.023625580469767253 0.027777730019439555 0.047251160939534506
0 0.8888889366472271 0.031843173503875735 0.04629631221574237 0.06368634700775147
0 0.8981482277453785 0.031843173503875735 0.04629624057823504 0.06368634700775147
0 0.9120370927550983 0.031843173503875735 0.05555560331389378 0.06368634700775147
0 0.9212963122157424 0.023625580469767253 0.0370370927550983 0.047251160939534506
0 0.9305556033138938 0.023625580469767253 0.03703702111759096 0.047251160939534506
0 0.9351852488629695 0.031843173503875735 0.04629631221574237 0.06368634700775147
0 0.9490741138726893 0.023625580469767253 0.03703702111759096 0.047251160939534506
0 0.9583334049708406 0.056495952606201175 0.03703702111759096 0.11299190521240235
0 0.9675926244314847 0.023625580469767253 0.03703702111759096 0.047251160939534506
0 0.9768519155296361 0.023625580469767253 0.03703702111759096 0.047251160939534506
0 0.039351852846817234 0.031843173503875735 0.07870370569363447 0.06368634700775147
0 0.03240740690992472 0.031843173503875735 0.055555558540451695 0.06368634700775147
0 0.06481481829719364 0.031843173503875735 0.10185185284681723 0.06368634700775147
0 0.07870370569363447 0.031843173503875735 0.12962963659438728 0.06368634700775147
0 0.10185185284681723 0.031843173503875735 0.12037037236030113 0.06368634700775147
0 0.11111111708090339 0.031843173503875735 0.12037039026967797 0.06368634700775147
0 0.12962963659438728 0.031843173503875735 0.12037037236030113 0.06368634700775147
0 0.13888889187378503 0.031843173503875735 0.12037037236030113 0.06368634700775147
0 0.15740741138726894 0.031843173503875735 0.12037038131498955 0.06368634700775147
0 0.1759259219460644 0.031843173503875735 0.12037037236030113 0.06368634700775147
0 0.22222223416180678 0.031843173503875735 0.10185184389212881 0.06368634700775147
0 0.2500000179093768 0.031843173503875735 0.08333333333333333 0.06368634700775147
0 0.26388890082847344 0.031843173503875735 0.0925926065221079 0.06368634700775147
0 0.2500000179093768 0.031843173503875735 0.06481482277453786 0.06368634700775147
0 0.2685185463775491 0.138671875 0.06481484068391469 0.27734375
0 0.2870370569363446 0.138671875 0.04629631221574237 0.27734375
0 0.30092595776481806 0.031843173503875735 0.05555556749514011 0.06368634700775147
0 0.333333369152087 0.031843173503875735 0.10185186180150566 0.06368634700775147
0 0.3564814894412045 0.031843173503875735 0.09259258861273108 0.06368634700775147
0 0.375 0.138671875 0.09259258861273108 0.27734375
0 0.3935185105587955 0.138671875 0.09259258861273108 0.27734375
0 0.4027778016569469 0.031843173503875735 0.09259258861273108 0.06368634700775147
0 0.42592595776481806 0.031843173503875735 0.08333333333333333 0.06368634700775147
0 0.4398148227745379 0.031843173503875735 0.09259258861273108 0.06368634700775147
0 0.46296297888240906 0.031843173503875735 0.10185184389212881 0.06368634700775147
0 0.48611113499028025 0.031843173503875735 0.11111113499028022 0.06368634700775147
0 0.5138889366472271 0.031843173503875735 0.11111109917152656 0.06368634700775147
0 0.5370370569363446 0.031843173503875735 0.10185184389212881 0.06368634700775147
0 0.5555555674951401 0.031843173503875735 0.10185184389212881 0.06368634700775147
0 0.5648148227745379 0.031843173503875735 0.10185187971088248 0.06368634700775147
0 0.583333369152087 0.031843173503875735 0.10185184389212881 0.06368634700775147
0 0.5925926244314847 0.138671875 0.10185187971088248 0.27734375
0 0.6111111349902802 0.031843173503875735 0.10185187971088248 0.06368634700775147
0 0.6064814894412045 0.138671875 0.05555556749514011 0.27734375
