0 0.0555555522441864 0.02735690095207908 0.04629629552364349 0.05471380190415816
0 0.0555555522441864 0.02735690095207908 0.0277777761220932 0.05471380190415816
0 0.06481481194496155 0.02735690095207908 0.02777777910232544 0.05471380190415816
0 0.06481481194496155 0.02735690095207908 0.04629629552364349 0.05471380190415816
0 0.08333333134651184 0.02735690095207908 0.02777777910232544 0.05471380190415816
0 0.09259259104728698 0.02735690095207908 0.02777777910232544 0.05471380190415816
0 0.10185184478759765 0.02735690095207908 0.02777777910232544 0.05471380190415816
0 0.11111111640930176 0.02735690095207908 0.02777777910232544 0.05471380190415816
0 0.12037036418914795 0.02735690095207908 0.02777777910232544 0.05471380190415816
0 0.12962963581085205 0.02735690095207908 0.02777777910232544 0.05471380190415816
0 0.13888888359069823 0.02735690095207908 0.02777777910232544 0.05471380190415816
0 0.14814815521240235 0.02735690095207908 0.02777777910232544 0.05471380190415816
0 0.15740740299224854 0.02735690095207908 0.02777777910232544 0.05471380190415816
0 0.16666667461395263 0.0189393934878436 0.02777777910232544 0.0378787869756872
0 0.17592592239379884 0.0189393934878436 0.027777767181396483 0.0378787869756872
0 0.18518518209457396 0.0189393934878436 0.027777767181396483 0.0378787869756872
0 0.19444444179534912 0.0189393934878436 0.027777767181396483 0.0378787869756872
0 0.19444444179534912 0.0189393934878436 0.04629629850387573 0.0378787869756872
0 0.2037036895751953 0.0189393934878436 0.04629628658294678 0.0378787869756872
0 0.2222222328186035 0.0189393934878436 0.027777791023254395 0.0378787869756872
0 0.2314814805984497 0.02735690095207908 0.027777767181396483 0.05471380190415816
0 0.2407407283782959 0.02735690095207908 0.027777791023254395 0.05471380190415816
0 0.25 0.02735690095207908 0.027777767181396483 0.05471380190415816
0 0.2592592716217041 0.02735690095207908 0.027777791023254395 0.05471380190415816
0 0.2685185194015503 0.02735690095207908 0.027777767181396483 0.05471380190415816
0 0.27777776718139646 0.02735690095207908 0.027777767181396483 0.05471380190415816
0 0.2870370388031006 0.0189393934878436 0.027777767181396483 0.0378787869756872
0 0.29629628658294677 0.0189393934878436 0.027777767181396483 0.0378787869756872
0 0.305555534362793 0.0189393934878436 0.027777791023254395 0.0378787869756872
0 0.31481480598449707 0.02735690095207908 0.027777767181396483 0.05471380190415816
0 0.31481480598449707 0.0189393934878436 0.046296310424804685 0.0378787869756872
0 0.32407407760620116 0.02735690095207908 0.04629628658294678 0.05471380190415816
0 0.3379629611968994 0.02735690095207908 0.03703703880310059 0.05471380190415816
0 0.34259257316589353 0.0189393934878436 0.04629628658294678 0.0378787869756872
0 0.3657407283782959 0.02735690095207908 0.03703703880310059 0.05471380190415816
0 0.41203699111938474 0.02735690095207908 0.09259257316589356 0.05471380190415816
0 0.38888888359069823 0.02735690095207908 0.10185184478759765 0.05471380190415816
0 0.430555534362793 0.02735690095207908 0.12962961196899414 0.05471380190415816
0 0.4351851463317871 0.02735690095207908 0.12037034034729004 0.05471380190415816
0 0.4074073791503906 0.02735690095207908 0.06481480598449707 0.05471380190415816
0 0.430555534362793 0.02735690095207908 0.09259259700775146 0.05471380190415816
0 0.44907407760620116 0.0189393934878436 0.055555534362792966 0.0378787869756872
0 0.47222223281860354 0.0189393934878436 0.04629626274108887 0.0378787869756872
0 0.4814814567565918 0.0189393934878436 0.046296310424804685 0.0378787869756872
0 0.4907407283782959 0.0189393934878436 0.046296310424804685 0.0378787869756872
0 0.5092592239379883 0.0189393934878436 0.027777814865112306 0.0378787869756872
0 0.5185184955596924 0.0189393934878436 0.027777767181396483 0.0378787869756872
0 0.5277777671813965 0.0189393934878436 0.027777767181396483 0.0378787869756872
0 0.5370370388031006 0.0189393934878436 0.027777767181396483 0.0378787869756872
0 0.5462963104248046 0.0189393934878436 0.027777814865112306 0.0378787869756872
0 0.5555555343627929 0.0189393934878436 0.027777767181396483 0.0378787869756872
0 0.5648148059844971 0.02735690095207908 0.046296310424804685 0.05471380190415816
0 0.5833333015441895 0.035774409770965576 0.08333334922790528 0.07154881954193115
0 0.5972222328186035 0.02735690095207908 0.09259257316589356 0.05471380190415816
0 0.6064814567565918 0.02735690095207908 0.07407407760620117 0.05471380190415816
0 0.6296296119689941 0.021043770692565224 0.046296310424804685 0.03367003256624395
0 0.6388888835906983 0.021043770692565224 0.046296310424804685 0.03367003256624395
0 0.6388888835906983 0.0189393934878436 0.027777767181396483 0.0378787869756872
0 0.6481481552124023 0.0189393934878436 0.027777767181396483 0.0378787869756872
0 0.6574073791503906 0.0189393934878436 0.06481480598449707 0.0378787869756872
0 0.6666666507720947 0.0189393934878436 0.027777767181396483 0.0378787869756872
0 0.6851851463317871 0.0189393934878436 0.04629626274108887 0.0378787869756872
0 0.6851851463317871 0.0189393934878436 0.027777814865112306 0.0378787869756872
0 0.6805555343627929 0.0189393934878436 0.055555534362792966 0.0378787869756872
0 0.6990740776062012 0.0189393934878436 0.07407407760620117 0.0378787869756872
0 0.7222222328186035 0.0189393934878436 0.04629626274108887 0.0378787869756872
0 0.7222222328186035 0.0189393934878436 0.027777814865112306 0.0378787869756872
0 0.7361111164093017 0.0189393934878436 0.07407407760620117 0.0378787869756872
0 0.7638888835906983 0.0189393934878436 0.055555534362792966 0.0378787869756872
0 0.8518518447875977 0.0189393934878436 0.12037034034729004 0.0378787869756872
0 0.861111068725586 0.0189393934878436 0.12037038803100586 0.0378787869756872
0 0.9537036895751954 0.02735690095207908 0.06481475830078125 0.05471380190415816
0 0.039351850748062134 0.02735690095207908 0.07870370149612427 0.05471380190415816
0 0.04629629552364349 0.02735690095207908 0.08333333134651184 0.05471380190415816
0 0.04166666567325592 0.02735690095207908 0.03703703284263611 0.05471380190415816
0 0.07407407164573669 0.02735690095207908 0.02777777910232544 0.05471380190415816
0 0.12037036418914795 0.02735690095207908 0.02777777910232544 0.05471380190415816
0 0.12962963581085205 0.02735690095207908 0.02777777910232544 0.05471380190415816
0 0.16666667461395263 0.02735690095207908 0.02777777910232544 0.05471380190415816
0 0.17592592239379884 0.02735690095207908 0.027777767181396483 0.05471380190415816
0 0.18518518209457396 0.02735690095207908 0.027777767181396483 0.05471380190415816
0 0.19444444179534912 0.0189393934878436 0.027777767181396483 0.0378787869756872
0 0.2037036895751953 0.02735690095207908 0.027777791023254395 0.05471380190415816
0 0.21296296119689942 0.02735690095207908 0.02777777910232544 0.05471380190415816
0 0.2222222328186035 0.02735690095207908 0.027777791023254395 0.05471380190415816
0 0.2314814805984497 0.02735690095207908 0.027777767181396483 0.05471380190415816
0 0.2407407283782959 0.02735690095207908 0.027777791023254395 0.05471380190415816
0 0.25 0.02735690095207908 0.027777767181396483 0.05471380190415816
0 0.27777776718139646 0.02735690095207908 0.027777767181396483 0.05471380190415816
0 0.2870370388031006 0.02735690095207908 0.027777767181396483 0.05471380190415816
0 0.29629628658294677 0.0189393934878436 0.027777767181396483 0.0378787869756872
0 0.305555534362793 0.0189393934878436 0.027777791023254395 0.0378787869756872
0 0.31481480598449707 0.0189393934878436 0.027777767181396483 0.0378787869756872
0 0.32407407760620116 0.0189393934878436 0.027777791023254395 0.0378787869756872
0 0.3333333253860474 0.0189393934878436 0.027777767181396483 0.0378787869756872
0 0.34259257316589353 0.0189393934878436 0.027777791023254395 0.0378787869756872
0 0.3518518447875977 0.0189393934878436 0.027777767181396483 0.0378787869756872
0 0.36111111640930177 0.0189393934878436 0.027777791023254395 0.0378787869756872
0 0.3703703641891479 0.02735690095207908 0.027777767181396483 0.05471380190415816
0 0.37962961196899414 0.02735690095207908 0.027777791023254395 0.05471380190415816
0 0.4074073791503906 0.010521885346282612 0.04629628658294678 0.021043770692565224
0 0.41666665077209475 0.010521885346282612 0.04629628658294678 0.021043770692565224
0 0.41666665077209475 0.010521885346282612 0.027777767181396483 0.021043770692565224
0 0.4212963104248047 0.010521885346282612 0.018518495559692382 0.021043770692565224
0 0.42592592239379884 0.010521885346282612 0.027777767181396483 0.021043770692565224
0 0.44907407760620116 0.010521885346282612 0.055555534362792966 0.021043770692565224
0 0.45833330154418944 0.0189393934878436 0.03703703880310059 0.0378787869756872
0 0.47222223281860354 0.0189393934878436 0.027777814865112306 0.0378787869756872
0 0.4814814567565918 0.0189393934878436 0.027777767181396483 0.0378787869756872
0 0.4907407283782959 0.0189393934878436 0.027777767181396483 0.0378787869756872
0 0.5 0.02735690095207908 0.027777767181396483 0.05471380190415816
0 0.5092592239379883 0.02735690095207908 0.027777814865112306 0.05471380190415816
0 0.5277777671813965 0.02735690095207908 0.027777767181396483 0.05471380190415816
0 0.5370370388031006 0.0189393934878436 0.027777767181396483 0.0378787869756872
0 0.5462963104248046 0.0189393934878436 0.027777814865112306 0.0378787869756872
0 0.5555555343627929 0.0189393934878436 0.027777767181396483 0.0378787869756872
0 0.5648148059844971 0.010521885346282612 0.027777767181396483 0.021043770692565224
0 0.5601851463317871 0.010521885346282612 0.05555558204650879 0.021043770692565224
0 0.5833333015441895 0.0189393934878436 0.08333334922790528 0.0378787869756872
0 0.5925926208496094 0.0189393934878436 0.08333334922790528 0.0378787869756872
0 0.6064814567565918 0.0189393934878436 0.018518495559692382 0.0378787869756872
0 0.6157407283782959 0.02735690095207908 0.018518543243408202 0.05471380190415816
0 0.625 0.02735690095207908 0.018518543243408202 0.05471380190415816
0 0.6342592239379883 0.0189393934878436 0.018518495559692382 0.0378787869756872
0 0.6527777671813965 0.0189393934878436 0.018518543243408202 0.0378787869756872
0 0.6574073791503906 0.02735690095207908 0.027777767181396483 0.05471380190415816
0 0.6712963104248046 0.02735690095207908 0.018518495559692382 0.05471380190415816
0 0.6759259223937988 0.02735690095207908 0.027777767181396483 0.05471380190415816
0 0.6898148059844971 0.02735690095207908 0.018518543243408202 0.05471380190415816
0 0.6944444179534912 0.0189393934878436 0.027777767181396483 0.0378787869756872
0 0.7083333015441895 0.02735690095207908 0.018518495559692382 0.05471380190415816
0 0.7175925731658935 0.02735690095207908 0.018518543243408202 0.05471380190415816
0 0.7268518447875977 0.0189393934878436 0.018518543243408202 0.0378787869756872
0 0.7314814567565918 0.02735690095207908 0.027777767181396483 0.05471380190415816
0 0.7407407283782959 0.02735690095207908 0.027777767181396483 0.05471380190415816
0 0.7546296119689941 0.0189393934878436 0.018518543243408202 0.0378787869756872
0 0.7592592239379883 0.0189393934878436 0.027777814865112306 0.0378787869756872
0 0.7731481552124023 0.0189393934878436 0.018518495559692382 0.0378787869756872
0 0.7962963104248046 0.0189393934878436 0.046296310424804685 0.0378787869756872
0 0.8055555343627929 0.0189393934878436 0.046296310424804685 0.0378787869756872
0 0.8101851463317871 0.0189393934878436 0.12962965965270995 0.0378787869756872
0 0.8194444656372071 0.0189393934878436 0.12962961196899414 0.0378787869756872
0 0.8333333969116211 0.02735690095207908 0.12037038803100586 0.05471380190415816
0 0.861111068725586 0.0189393934878436 0.08333330154418946 0.0378787869756872
0 0.8703702926635742 0.010521885346282612 0.08333330154418946 0.021043770692565224
0 0.8796296119689941 0.010521885346282612 0.08333339691162109 0.021043770692565224
0 0.8703703880310059 0.02735690095207908 0.046296310424804685 0.05471380190415816
0 0.8842592239379883 0.010521885346282612 0.055555534362792966 0.021043770692565224
0 0.8935184478759766 0.0189393934878436 0.05555562973022461 0.0378787869756872
0 0.9212963104248046 0.02735690095207908 0.09259262084960937 0.05471380190415816
0 0.9351852416992188 0.02735690095207908 0.08333330154418946 0.05471380190415816
0 0.9444444656372071 0.010521885346282612 0.08333330154418946 0.021043770692565224
0 0.9537036895751954 0.0189393934878436 0.08333339691162109 0.0378787869756872
0 0.9652777671813965 0.02735690095207908 0.06944446563720703 0.05471380190415816
0 0.9629629135131836 0.0189393934878436 0.027777767181396483 0.0378787869756872
0 0.9675926208496094 0.0189393934878436 0.018518543243408202 0.0378787869756872
0 0.9814814567565918 0.0189393934878436 0.009259223937988281 0.0378787869756872
0 0.9814815521240234 0.0189393934878436 0.027777767181396483 0.0378787869756872
0 0.9791666030883789 0.02735690095207908 0.041666698455810544 0.05471380190415816
0 0.025462961196899413 0.035774409770965576 0.050925922393798825 0.07154881954193115
0 0.037037035822868346 0.035774409770965576 0.046296292543411256 0.07154881954193115
0 0.03240740597248078 0.044191918589852074 0.03703703284263611 0.08838383717970415
0 0.06018518209457398 0.035774409770965576 0.037037035822868346 0.07154881954193115
0 0.07870370149612427 0.035774409770965576 0.03703703880310059 0.07154881954193115
0 0.10648148059844971 0.035774409770965576 0.03703703880310059 0.07154881954193115
0 0.11574074029922485 0.035774409770965576 0.03703703880310059 0.07154881954193115
0 0.125 0.035774409770965576 0.03703703880310059 0.07154881954193115
0 0.13425925970077515 0.035774409770965576 0.03703703880310059 0.07154881954193115
0 0.1435185194015503 0.035774409770965576 0.03703703880310059 0.07154881954193115
0 0.15277777910232543 0.035774409770965576 0.03703703880310059 0.07154881954193115
0 0.16203703880310058 0.035774409770965576 0.03703703880310059 0.07154881954193115
0 0.17129628658294677 0.035774409770965576 0.03703702688217163 0.07154881954193115
0 0.18055555820465088 0.035774409770965576 0.03703702688217163 0.07154881954193115
0 0.18981480598449707 0.035774409770965576 0.03703702688217163 0.07154881954193115
0 0.19907407760620116 0.035774409770965576 0.03703703880310059 0.07154881954193115
0 0.20833332538604737 0.035774409770965576 0.03703703880310059 0.07154881954193115
0 0.21759259700775146 0.035774409770965576 0.03703705072402954 0.07154881954193115
0 0.22685184478759765 0.035774409770965576 0.03703703880310059 0.07154881954193115
0 0.23611111640930177 0.035774409770965576 0.03703703880310059 0.07154881954193115
0 0.24537036418914795 0.035774409770965576 0.03703703880310059 0.07154881954193115
0 0.2546296358108521 0.035774409770965576 0.03703703880310059 0.07154881954193115
0 0.26851849555969237 0.035774409770965576 0.04629628658294678 0.07154881954193115
0 0.28240740299224854 0.035774409770965576 0.03703703880310059 0.07154881954193115
0 0.29166665077209475 0.02735690095207908 0.037037014961242676 0.05471380190415816
0 0.30092592239379884 0.02735690095207908 0.03703703880310059 0.05471380190415816
0 0.310185170173645 0.02735690095207908 0.03703703880310059 0.05471380190415816
0 0.31944444179534914 0.02735690095207908 0.03703703880310059 0.05471380190415816
0 0.3287036895751953 0.02735690095207908 0.03703703880310059 0.05471380190415816
0 0.3472222089767456 0.02735690095207908 0.03703703880310059 0.05471380190415816
0 0.3564814805984497 0.06102693622762507 0.03703703880310059 0.12205387245525014
0 0.38888888359069823 0.02735690095207908 0.027777767181396483 0.05471380190415816
0 0.40740742683410647 0.02735690095207908 0.027777791023254395 0.05471380190415816
0 0.41666665077209475 0.02735690095207908 0.027777767181396483 0.05471380190415816
0 0.4351851463317871 0.02735690095207908 0.04629626274108887 0.05471380190415816
0 0.444444465637207 0.02735690095207908 0.04629626274108887 0.05471380190415816
0 0.4537036895751953 0.02735690095207908 0.046296310424804685 0.05471380190415816
0 0.4629629611968994 0.02735690095207908 0.027777767181396483 0.05471380190415816
0 0.47222223281860354 0.035774409770965576 0.027777814865112306 0.07154881954193115
0 0.4814814567565918 0.035774409770965576 0.027777767181396483 0.07154881954193115
0 0.49537038803100586 0.035774409770965576 0.03703703880310059 0.07154881954193115
0 0.5046296119689941 0.035774409770965576 0.03703703880310059 0.07154881954193115
0 0.5370370388031006 0.035774409770965576 0.027777767181396483 0.07154881954193115
0 0.5462963104248046 0.035774409770965576 0.027777814865112306 0.07154881954193115
0 0.5509259223937988 0.02735690095207908 0.03703703880310059 0.05471380190415816
0 0.5648148059844971 0.035774409770965576 0.027777767181396483 0.07154881954193115
0 0.5740740776062012 0.035774409770965576 0.027777767181396483 0.07154881954193115
0 0.5833333015441895 0.035774409770965576 0.027777814865112306 0.07154881954193115
0 0.5972222328186035 0.035774409770965576 0.03703703880310059 0.07154881954193115
0 0.6064814567565918 0.02735690095207908 0.03703703880310059 0.05471380190415816
0 0.6203703880310059 0.02735690095207908 0.04629626274108887 0.05471380190415816
0 0.6342592239379883 0.02735690095207908 0.03703703880310059 0.05471380190415816
0 0.6435185432434082 0.02735690095207908 0.03703703880310059 0.05471380190415816
0 0.6574073791503906 0.02735690095207908 0.04629626274108887 0.05471380190415816
0 0.6666666507720947 0.02735690095207908 0.046296310424804685 0.05471380190415816
0 0.6759259223937988 0.02735690095207908 0.046296310424804685 0.05471380190415816
0 0.6851851463317871 0.035774409770965576 0.04629626274108887 0.07154881954193115
0 0.6944444179534912 0.035774409770965576 0.046296310424804685 0.07154881954193115
0 0.7037036895751954 0.035774409770965576 0.046296310424804685 0.07154881954193115
0 0.7222222328186035 0.02735690095207908 0.04629626274108887 0.05471380190415816
0 0.7314814567565918 0.02735690095207908 0.046296310424804685 0.05471380190415816
0 0.7407407283782959 0.02735690095207908 0.046296310424804685 0.05471380190415816
0 0.7546296119689941 0.02735690095207908 0.018518543243408202 0.05471380190415816
0 0.7731481552124023 0.02735690095207908 0.03703703880310059 0.05471380190415816
0 0.7824073791503906 0.02735690095207908 0.03703703880310059 0.05471380190415816
0 0.7916666507720947 0.02735690095207908 0.037036991119384764 0.05471380190415816
0 0.8009259223937988 0.02735690095207908 0.037037086486816403 0.05471380190415816
0 0.8101851463317871 0.02735690095207908 0.03703703880310059 0.05471380190415816
0 0.8333333015441895 0.02735690095207908 0.046296310424804685 0.05471380190415816
0 0.8425926208496094 0.02735690095207908 0.046296215057373045 0.05471380190415816
0 0.8518518447875977 0.02735690095207908 0.027777767181396483 0.05471380190415816
0 0.8981481552124023 0.02735690095207908 0.08333330154418946 0.05471380190415816
0 0.8935184478759766 0.02735690095207908 0.037036991119384764 0.05471380190415816
0 0.9074073791503906 0.02735690095207908 0.046296310424804685 0.05471380190415816
0 0.9166666030883789 0.02735690095207908 0.046296215057373045 0.05471380190415816
0 0.9259258270263672 0.02735690095207908 0.027777767181396483 0.05471380190415816
0 0.9351852416992188 0.02735690095207908 0.027777767181396483 0.05471380190415816
0 0.9444444656372071 0.02735690095207908 0.027777767181396483 0.05471380190415816
0 0.9629629135131836 0.02735690095207908 0.027777767181396483 0.05471380190415816
0 0.9722221374511719 0.02735690095207908 0.027777767181396483 0.05471380190415816
0 0.9768518447875977 0.02735690095207908 0.018518447875976562 0.05471380190415816
0 0.039351850748062134 0.04629629308527166 0.07870370149612427 0.0841750827702609
0 0.04629629552364349 0.0378787869756872 0.08333333134651184 0.0673400651324879
0 0.0555555522441864 0.04629629308527166 0.08333333134651184 0.0841750827702609
0 0.06944444179534912 0.044191918589852074 0.09259259104728698 0.08838383717970415
0 0.07407407164573669 0.044191918589852074 0.10185185670852662 0.08838383717970415
0 0.06944444179534912 0.15361952781677246 0.03703703880310059 0.3072390556335449
0 0.08796296119689942 0.035774409770965576 0.03703703880310059 0.07154881954193115
0 0.09259259104728698 0.15361952781677246 0.04629629850387573 0.3072390556335449
0 0.10185184478759765 0.035774409770965576 0.04629629850387573 0.07154881954193115
0 0.10185184478759765 0.035774409770965576 0.02777777910232544 0.07154881954193115
0 0.12037036418914795 0.044191918589852074 0.04629629850387573 0.08838383717970415
0 0.125 0.15361952781677246 0.05555555820465088 0.3072390556335449
0 0.13888888359069823 0.15361952781677246 0.04629629850387573 0.3072390556335449
0 0.14814815521240235 0.15361952781677246 0.04629629850387573 0.3072390556335449
0 0.15740740299224854 0.14520201899788596 0.04629629850387573 0.2904040379957719
0 0.1666666626930237 0.035774409770965576 0.04629628658294678 0.07154881954193115
0 0.17592592239379884 0.035774409770965576 0.04629628658294678 0.07154881954193115
0 0.18518518209457396 0.08627945726568048 0.04629628658294678 0.17255891453136096
0 0.2037036895751953 0.044191918589852074 0.04629628658294678 0.08838383717970415
0 0.21296296119689942 0.044191918589852074 0.046296310424804685 0.08838383717970415
0 0.2222222089767456 0.044191918589852074 0.04629629850387573 0.08838383717970415
0 0.2314814805984497 0.15361952781677246 0.046296310424804685 0.3072390556335449
0 0.2407407283782959 0.15361952781677246 0.04629628658294678 0.3072390556335449
0 0.25 0.035774409770965576 0.046296310424804685 0.07154881954193115
0 0.2592592716217041 0.044191918589852074 0.04629628658294678 0.08838383717970415
0 0.26851849555969237 0.044191918589852074 0.04629628658294678 0.08838383717970415
0 0.27777776718139646 0.15361952781677246 0.04629628658294678 0.3072390556335449
0 0.2870370388031006 0.15361952781677246 0.04629628658294678 0.3072390556335449
0 0.2962963104248047 0.15361952781677246 0.04629628658294678 0.3072390556335449
0 0.305555534362793 0.15361952781677246 0.04629628658294678 0.3072390556335449
0 0.31481480598449707 0.15361952781677246 0.046296310424804685 0.3072390556335449
0 0.3287036895751953 0.15361952781677246 0.03703703880310059 0.3072390556335449
0 0.3379629611968994 0.15361952781677246 0.03703703880310059 0.3072390556335449
0 0.3472222089767456 0.15361952781677246 0.03703703880310059 0.3072390556335449
0 0.3564814805984497 0.15361952781677246 0.03703703880310059 0.3072390556335449
0 0.3657407283782959 0.15361952781677246 0.03703703880310059 0.3072390556335449
0 0.375 0.15361952781677246 0.03703703880310059 0.3072390556335449
0 0.3842592477798462 0.15361952781677246 0.03703703880310059 0.3072390556335449
0 0.3935185194015503 0.15361952781677246 0.03703703880310059 0.3072390556335449
0 0.40277776718139646 0.15361952781677246 0.0370370626449585 0.3072390556335449
0 0.4120370388031006 0.15361952781677246 0.037037014961242676 0.3072390556335449
0 0.4212963104248047 0.15361952781677246 0.03703703880310059 0.3072390556335449
0 0.430555534362793 0.15361952781677246 0.03703703880310059 0.3072390556335449
0 0.43981480598449707 0.15361952781677246 0.037036991119384764 0.3072390556335449
0 0.44907407760620116 0.15361952781677246 0.03703703880310059 0.3072390556335449
0 0.45833330154418944 0.15361952781677246 0.03703703880310059 0.3072390556335449
0 0.4675926208496094 0.15361952781677246 0.03703703880310059 0.3072390556335449
0 0.4768518447875977 0.15361952781677246 0.03703703880310059 0.3072390556335449
0 0.48611106872558596 0.15361952781677246 0.03703703880310059 0.3072390556335449
0 0.5 0.035774409770965576 0.046296310424804685 0.07154881954193115
