0 0.0555555522441864 0.0189393934878436 0.08333333134651184 0.0378787869756872
0 0.0555555522441864 0.0189393934878436 0.0277777761220932 0.0378787869756872
0 0.06018518209457398 0.02735690095207908 0.037037035822868346 0.05471380190415816
0 0.06481481194496155 0.035774409770965576 0.02777777910232544 0.07154881954193115
0 0.08796296119689942 0.09469696608456699 0.05555555820465088 0.18939393216913397
0 0.09259259104728698 0.0189393934878436 0.02777777910232544 0.0378787869756872
0 0.10648148059844971 0.0189393934878436 0.03703703880310059 0.0378787869756872
0 0.10648148059844971 0.021043770692565224 0.03703703880310059 0.03367003256624395
0 0.11111111640930176 0.02735690095207908 0.02777777910232544 0.05471380190415816
0 0.1435185194015503 0.035774409770965576 0.1296296238899231 0.07154881954193115
0 0.10648148059844971 0.035774409770965576 0.2037036895751953 0.07154881954193115
0 0.16666667461395263 0.0189393934878436 0.10185185670852662 0.0378787869756872
0 0.19907407760620116 0.0189393934878436 0.11111111640930176 0.0378787869756872
0 0.2222222328186035 0.0189393934878436 0.08333332538604736 0.0378787869756872
0 0.2314814805984497 0.0189393934878436 0.08333334922790528 0.0378787869756872
0 0.24537036418914795 0.0189393934878436 0.09259258508682251 0.0378787869756872
0 0.2731481552124023 0.0189393934878436 0.11111109256744385 0.0378787869756872
0 0.2962963104248047 0.0189393934878436 0.08333332538604736 0.0378787869756872
0 0.31018519401550293 0.0189393934878436 0.09259259700775146 0.0378787869756872
0 0.31018519401550293 0.0189393934878436 0.12962963581085205 0.0378787869756872
0 0.3379629611968994 0.0189393934878436 0.12962961196899414 0.0378787869756872
0 0.3518518447875977 0.0189393934878436 0.13888890743255616 0.0378787869756872
0 0.37037034034729005 0.02735690095207908 0.12037036418914795 0.05471380190415816
0 0.38888888359069823 0.0189393934878436 0.12037038803100586 0.0378787869756872
0 0.41666665077209475 0.0189393934878436 0.08333330154418946 0.0378787869756872
0 0.375 0.0189393934878436 0.2037036895751953 0.0378787869756872
0 0.42592592239379884 0.0189393934878436 0.12037038803100586 0.0378787869756872
0 0.4212962627410889 0.02735690095207908 0.14814813137054444 0.05471380190415816
0 0.4629629611968994 0.0189393934878436 0.12037038803100586 0.0378787869756872
0 0.47222223281860354 0.0189393934878436 0.12037034034729004 0.0378787869756872
0 0.5092592239379883 0.0189393934878436 0.08333334922790528 0.0378787869756872
0 0.5324073791503906 0.02735690095207908 0.09259257316589356 0.05471380190415816
0 0.5648148059844971 0.02735690095207908 0.13888893127441407 0.05471380190415816
0 0.5416666507720947 0.0189393934878436 0.07407407760620117 0.0378787869756872
0 0.5601851463317871 0.0189393934878436 0.09259257316589356 0.0378787869756872
0 0.5833333015441895 0.02735690095207908 0.08333334922790528 0.05471380190415816
0 0.5879629611968994 0.0189393934878436 0.09259262084960937 0.0378787869756872
0 0.6157407283782959 0.0189393934878436 0.14814815521240235 0.0378787869756872
0 0.6481481552124023 0.0189393934878436 0.12037034034729004 0.0378787869756872
0 0.8055555343627929 0.0189393934878436 0.12037034034729004 0.0378787869756872
0 0.951388931274414 0.0189393934878436 0.09722223281860351 0.0378787869756872
0 0.9606481552124023 0.02735690095207908 0.07870368957519532 0.05471380190415816
0 0.9606481552124023 0.0189393934878436 0.07870368957519532 0.0378787869756872
0 0.04398148059844971 0.02735690095207908 0.08796296119689942 0.05471380190415816
0 0.04166666567325592 0.010521885346282612 0.0555555522441864 0.021043770692565224
0 0.0555555522441864 0.010521885346282612 0.04629629552364349 0.021043770692565224
0 0.0555555522441864 0.010521885346282612 0.0277777761220932 0.021043770692565224
0 0.06481481194496155 0.06102693622762507 0.02777777910232544 0.12205387245525014
0 0.08796296119689942 0.06944444504651157 0.05555555820465088 0.13888889009302313
0 0.09722222089767456 0.010521885346282612 0.03703703880310059 0.021043770692565224
0 0.11111111640930176 0.02735690095207908 0.02777777910232544 0.05471380190415816
0 0.12037036418914795 0.010521885346282612 0.02777777910232544 0.021043770692565224
0 0.1435185194015503 0.010521885346282612 0.05555555820465088 0.021043770692565224
0 0.15740740299224854 0.0189393934878436 0.06481480598449707 0.0378787869756872
0 0.19444444179534912 0.0189393934878436 0.08333333730697631 0.0378787869756872
0 0.2222222328186035 0.010521885346282612 0.08333332538604736 0.021043770692565224
0 0.2592592716217041 0.010521885346282612 0.08333332538604736 0.021043770692565224
0 0.27777776718139646 0.010521885346282612 0.08333332538604736 0.021043770692565224
0 0.2962963104248047 0.010521885346282612 0.08333332538604736 0.021043770692565224
0 0.30092592239379884 0.02735690095207908 0.09259257316589356 0.05471380190415816
0 0.28240740299224854 0.010521885346282612 0.03703703880310059 0.021043770692565224
0 0.29166665077209475 0.010521885346282612 0.018518519401550294 0.021043770692565224
0 0.29629628658294677 0.010521885346282612 0.027777767181396483 0.021043770692565224
0 0.32407407760620116 0.0189393934878436 0.04629628658294678 0.0378787869756872
0 0.3518518447875977 0.010521885346282612 0.08333334922790528 0.021043770692565224
0 0.3657407283782959 0.010521885346282612 0.09259259700775146 0.021043770692565224
0 0.375 0.010521885346282612 0.05555555820465088 0.021043770692565224
0 0.3935185194015503 0.010521885346282612 0.05555558204650879 0.021043770692565224
0 0.41203699111938474 0.010521885346282612 0.09259257316589356 0.021043770692565224
0 0.43518519401550293 0.010521885346282612 0.10185186862945557 0.021043770692565224
0 0.4537036895751953 0.010521885346282612 0.08333330154418946 0.021043770692565224
0 0.4629629611968994 0.010521885346282612 0.12037038803100586 0.021043770692565224
0 0.49537034034729005 0.010521885346282612 0.07407407760620117 0.021043770692565224
0 0.5138888835906983 0.010521885346282612 0.09259262084960937 0.021043770692565224
0 0.5231481552124023 0.0189393934878436 0.09259257316589356 0.0378787869756872
0 0.5416666507720947 0.0189393934878436 0.09259262084960937 0.0378787869756872
0 0.5416666507720947 0.0189393934878436 0.055555534362792966 0.0378787869756872
0 0.5462963104248046 0.010521885346282612 0.027777814865112306 0.021043770692565224
0 0.5601851463317871 0.010521885346282612 0.018518495559692382 0.021043770692565224
0 0.5648148059844971 0.010521885346282612 0.027777767181396483 0.021043770692565224
0 0.5740740776062012 0.010521885346282612 0.027777767181396483 0.021043770692565224
0 0.5972222328186035 0.0189393934878436 0.05555558204650879 0.0378787869756872
0 0.611111068725586 0.0189393934878436 0.06481480598449707 0.0378787869756872
0 0.6481481552124023 0.0189393934878436 0.08333334922790528 0.0378787869756872
0 0.6666666507720947 0.0189393934878436 0.08333330154418946 0.0378787869756872
0 0.6620370388031006 0.010521885346282612 0.055555534362792966 0.021043770692565224
0 0.6851851463317871 0.010521885346282612 0.08333334922790528 0.021043770692565224
0 0.6898148059844971 0.0189393934878436 0.07407407760620117 0.0378787869756872
0 0.7037036895751954 0.010521885346282612 0.08333330154418946 0.021043770692565224
0 0.7222222328186035 0.0189393934878436 0.08333334922790528 0.0378787869756872
0 0.7175925731658935 0.0189393934878436 0.055555534362792966 0.0378787869756872
0 0.7361111164093017 0.010521885346282612 0.07407407760620117 0.021043770692565224
0 0.75 0.010521885346282612 0.08333334922790528 0.021043770692565224
0 0.75 0.0189393934878436 0.06481480598449707 0.0378787869756872
0 0.7685185432434082 0.0189393934878436 0.06481480598449707 0.0378787869756872
0 0.7870370388031006 0.0189393934878436 0.0648148536682129 0.0378787869756872
0 0.8009259223937988 0.010521885346282612 0.055555534362792966 0.021043770692565224
0 0.8194444656372071 0.010521885346282612 0.05555558204650879 0.021043770692565224
0 0.8379629135131836 0.010521885346282612 0.055555534362792966 0.021043770692565224
0 0.8518518447875977 0.0189393934878436 0.06481475830078125 0.0378787869756872
0 0.8657407760620117 0.0189393934878436 0.05555562973022461 0.0378787869756872
0 0.8981481552124023 0.0189393934878436 0.08333330154418946 0.0378787869756872
0 0.8842592239379883 0.0189393934878436 0.055555534362792966 0.0378787869756872
0 0.8935184478759766 0.0189393934878436 0.05555562973022461 0.0378787869756872
0 0.9166666030883789 0.0189393934878436 0.0648148536682129 0.0378787869756872
0 0.9305555343627929 0.0189393934878436 0.055555534362792966 0.0378787869756872
0 0.9444444656372071 0.0189393934878436 0.0648148536682129 0.0378787869756872
0 0.9583333015441895 0.0189393934878436 0.055555534362792966 0.0378787869756872
0 0.9675926208496094 0.0189393934878436 0.037036991119384764 0.0378787869756872
0 0.9791666030883789 0.0189393934878436 0.041666698455810544 0.0378787869756872
0 0.9745370864868164 0.010521885346282612 0.050925922393798825 0.021043770692565224
0 0.011574073880910873 0.02735690095207908 0.023148147761821745 0.05471380190415816
0 0.018518517911434173 0.029461278156800705 0.0277777761220932 0.05050504749471491
0 0.0277777761220932 0.02735690095207908 0.02777777910232544 0.05471380190415816
0 0.050925922393798825 0.02735690095207908 0.0555555522441864 0.05471380190415816
0 0.0555555522441864 0.02735690095207908 0.0277777761220932 0.05471380190415816
0 0.06018518209457398 0.02735690095207908 0.037037035822868346 0.05471380190415816
0 0.06481481194496155 0.02735690095207908 0.02777777910232544 0.05471380190415816
0 0.08796296119689942 0.02735690095207908 0.05555555820465088 0.05471380190415816
0 0.09722222089767456 0.02735690095207908 0.03703703880310059 0.05471380190415816
0 0.10648148059844971 0.02735690095207908 0.03703703880310059 0.05471380190415816
0 0.125 0.02735690095207908 0.05555555820465088 0.05471380190415816
0 0.13888888359069823 0.02735690095207908 0.04629629850387573 0.05471380190415816
0 0.15277777910232543 0.029461278156800705 0.03703703880310059 0.05050504749471491
0 0.16203703880310058 0.029461278156800705 0.03703703880310059 0.05050504749471491
0 0.17129628658294677 0.029461278156800705 0.03703702688217163 0.05050504749471491
0 0.19444444179534912 0.02735690095207908 0.06481480598449707 0.05471380190415816
0 0.21296296119689942 0.02735690095207908 0.046296310424804685 0.05471380190415816
0 0.2222222089767456 0.02735690095207908 0.04629629850387573 0.05471380190415816
0 0.2314814805984497 0.02735690095207908 0.046296310424804685 0.05471380190415816
0 0.2314814805984497 0.02735690095207908 0.027777767181396483 0.05471380190415816
0 0.2407407283782959 0.02735690095207908 0.027777791023254395 0.05471380190415816
0 0.25 0.02735690095207908 0.027777767181396483 0.05471380190415816
0 0.2592592716217041 0.02735690095207908 0.027777791023254395 0.05471380190415816
0 0.2685185194015503 0.02735690095207908 0.027777767181396483 0.05471380190415816
0 0.2870370388031006 0.02735690095207908 0.027777767181396483 0.05471380190415816
0 0.30092592239379884 0.02735690095207908 0.03703703880310059 0.05471380190415816
0 0.31944444179534914 0.02735690095207908 0.03703703880310059 0.05471380190415816
0 0.3333333253860474 0.02735690095207908 0.046296310424804685 0.05471380190415816
0 0.34259257316589353 0.02735690095207908 0.04629628658294678 0.05471380190415816
0 0.34259257316589353 0.02735690095207908 0.027777791023254395 0.05471380190415816
0 0.3518518447875977 0.02735690095207908 0.027777767181396483 0.05471380190415816
0 0.36111111640930177 0.02735690095207908 0.027777791023254395 0.05471380190415816
0 0.3703703641891479 0.02735690095207908 0.027777767181396483 0.05471380190415816
0 0.37962961196899414 0.02735690095207908 0.027777791023254395 0.05471380190415816
0 0.38888888359069823 0.02735690095207908 0.027777767181396483 0.05471380190415816
0 0.40277776718139646 0.02735690095207908 0.055555534362792966 0.05471380190415816
0 0.41666665077209475 0.02735690095207908 0.04629628658294678 0.05471380190415816
0 0.430555534362793 0.02735690095207908 0.055555534362792966 0.05471380190415816
0 0.4351851463317871 0.029461278156800705 0.06481480598449707 0.05050504749471491
0 0.44907407760620116 0.029461278156800705 0.055555534362792966 0.05050504749471491
0 0.4629629611968994 0.029461278156800705 0.046296310424804685 0.05050504749471491
0 0.47222223281860354 0.029461278156800705 0.04629626274108887 0.05050504749471491
0 0.4814814567565918 0.02735690095207908 0.046296310424804685 0.05471380190415816
0 0.49537038803100586 0.02735690095207908 0.03703703880310059 0.05471380190415816
0 0.5046296119689941 0.02735690095207908 0.03703703880310059 0.05471380190415816
0 0.5138888359069824 0.02735690095207908 0.03703703880310059 0.05471380190415816
0 0.5231481552124023 0.02735690095207908 0.03703703880310059 0.05471380190415816
0 0.5324073791503906 0.02735690095207908 0.03703703880310059 0.05471380190415816
0 0.5416666984558105 0.02735690095207908 0.03703703880310059 0.05471380190415816
0 0.5509259223937988 0.02735690095207908 0.03703703880310059 0.05471380190415816
0 0.5601851463317871 0.02735690095207908 0.03703703880310059 0.05471380190415816
0 0.5787036895751954 0.02735690095207908 0.055555534362792966 0.05471380190415816
0 0.6064814567565918 0.02735690095207908 0.05555558204650879 0.05471380190415816
0 0.6203703880310059 0.02735690095207908 0.04629626274108887 0.05471380190415816
0 0.6296296119689941 0.02735690095207908 0.046296310424804685 0.05471380190415816
0 0.6388888835906983 0.02735690095207908 0.046296310424804685 0.05471380190415816
0 0.6481481552124023 0.02735690095207908 0.04629626274108887 0.05471380190415816
0 0.6666666507720947 0.02735690095207908 0.046296310424804685 0.05471380190415816
0 0.6666666507720947 0.02735690095207908 0.027777767181396483 0.05471380190415816
0 0.6759259223937988 0.02735690095207908 0.027777767181396483 0.05471380190415816
0 0.6944444179534912 0.02735690095207908 0.027777767181396483 0.05471380190415816
0 0.7037036895751954 0.02735690095207908 0.027777767181396483 0.05471380190415816
0 0.7129629611968994 0.02735690095207908 0.027777767181396483 0.05471380190415816
0 0.7222222328186035 0.02735690095207908 0.027777814865112306 0.05471380190415816
0 0.7314814567565918 0.02735690095207908 0.027777767181396483 0.05471380190415816
0 0.736111068725586 0.02735690095207908 0.03703703880310059 0.05471380190415816
0 0.7453703880310059 0.02735690095207908 0.03703703880310059 0.05471380190415816
0 0.7546296119689941 0.02735690095207908 0.03703703880310059 0.05471380190415816
0 0.7638888359069824 0.02735690095207908 0.03703703880310059 0.05471380190415816
0 0.7777777671813965 0.02735690095207908 0.027777767181396483 0.05471380190415816
0 0.7824073791503906 0.029461278156800705 0.03703703880310059 0.05050504749471491
0 0.7916666507720947 0.029461278156800705 0.037036991119384764 0.05050504749471491
0 0.8055555343627929 0.02735690095207908 0.027777814865112306 0.05471380190415816
0 0.8101851463317871 0.02735690095207908 0.03703703880310059 0.05471380190415816
0 0.8194444656372071 0.02735690095207908 0.037036991119384764 0.05471380190415816
0 0.8287036895751954 0.02735690095207908 0.037037086486816403 0.05471380190415816
0 0.8379629135131836 0.029461278156800705 0.037036991119384764 0.05050504749471491
0 0.8472221374511719 0.029461278156800705 0.037036991119384764 0.05050504749471491
0 0.8564814567565918 0.029461278156800705 0.037037086486816403 0.05050504749471491
0 0.8657407760620117 0.02735690095207908 0.037036991119384764 0.05471380190415816
0 0.875 0.02735690095207908 0.037037086486816403 0.05471380190415816
0 0.8842592239379883 0.02735690095207908 0.037037086486816403 0.05471380190415816
0 0.8935184478759766 0.029461278156800705 0.037036991119384764 0.05050504749471491
0 0.9120369911193847 0.02735690095207908 0.055555534362792966 0.05471380190415816
0 0.9212963104248046 0.029461278156800705 0.055555534362792966 0.05050504749471491
0 0.9305555343627929 0.02735690095207908 0.055555534362792966 0.05471380190415816
0 0.9305555343627929 0.02735690095207908 0.037037086486816403 0.05471380190415816
0 0.9398147583007812 0.02735690095207908 0.037036991119384764 0.05471380190415816
0 0.9490740776062012 0.02735690095207908 0.037037086486816403 0.05471380190415816
0 0.9583333015441895 0.029461278156800705 0.037037086486816403 0.05050504749471491
0 0.9675926208496094 0.029461278156800705 0.037036991119384764 0.05050504749471491
0 0.9768518447875977 0.029461278156800705 0.037037086486816403 0.05050504749471491
0 0.9837963104248046 0.02735690095207908 0.032407379150390624 0.05471380190415816
0 0.01620370298624039 0.06313131072304466 0.03240740597248078 0.05050505291331898
0 0.0277777761220932 0.07154881954193115 0.046296292543411256 0.03367003527554599
0 0.0277777761220932 0.06102693622762507 0.02777777910232544 0.12205387245525014
0 0.03240740597248078 0.04629629308527166 0.03703703284263611 0.0841750827702609
0 0.04166666567325592 0.044191918589852074 0.03703703284263611 0.08838383717970415
0 0.050925922393798825 0.15361952781677246 0.037037035822868346 0.3072390556335449
0 0.06481481194496155 0.15361952781677246 0.02777777910232544 0.3072390556335449
0 0.06481481194496155 0.15361952781677246 0.009259259700775147 0.3072390556335449
0 0.07870370149612427 0.15361952781677246 0.018518519401550294 0.3072390556335449
0 0.08796296119689942 0.15361952781677246 0.018518519401550294 0.3072390556335449
0 0.10185184478759765 0.15361952781677246 0.02777777910232544 0.3072390556335449
0 0.11111111640930176 0.15361952781677246 0.02777777910232544 0.3072390556335449
0 0.12037036418914795 0.15361952781677246 0.02777777910232544 0.3072390556335449
0 0.13888888359069823 0.15361952781677246 0.02777777910232544 0.3072390556335449
0 0.14814815521240235 0.15361952781677246 0.02777777910232544 0.3072390556335449
0 0.15740740299224854 0.15361952781677246 0.02777777910232544 0.3072390556335449
0 0.16666667461395263 0.15361952781677246 0.02777777910232544 0.3072390556335449
0 0.18055555820465088 0.15361952781677246 0.03703702688217163 0.3072390556335449
0 0.19444444179534912 0.15361952781677246 0.027777767181396483 0.3072390556335449
0 0.20833332538604737 0.15361952781677246 0.03703703880310059 0.3072390556335449
0 0.21759259700775146 0.15361952781677246 0.03703705072402954 0.3072390556335449
0 0.22685184478759765 0.15361952781677246 0.03703703880310059 0.3072390556335449
0 0.2314814805984497 0.05471380190415816 0.027777767181396483 0.0673400651324879
0 0.2407407283782959 0.06313131072304466 0.027777791023254395 0.05050505291331898
0 0.2546296358108521 0.05471380190415816 0.03703703880310059 0.0673400651324879
0 0.2592592716217041 0.15361952781677246 0.04629628658294678 0.3072390556335449
0 0.2731481552124023 0.15361952781677246 0.037037014961242676 0.3072390556335449
0 0.28240740299224854 0.035774409770965576 0.03703703880310059 0.07154881954193115
0 0.29166665077209475 0.035774409770965576 0.037037014961242676 0.07154881954193115
0 0.30092592239379884 0.15361952781677246 0.03703703880310059 0.3072390556335449
0 0.31481480598449707 0.15361952781677246 0.027777767181396483 0.3072390556335449
0 0.3287036895751953 0.15361952781677246 0.03703703880310059 0.3072390556335449
0 0.3379629611968994 0.15361952781677246 0.03703703880310059 0.3072390556335449
0 0.3472222089767456 0.15361952781677246 0.03703703880310059 0.3072390556335449
0 0.375 0.15361952781677246 0.09259262084960937 0.3072390556335449
0 0.37962961196899414 0.15361952781677246 0.04629628658294678 0.3072390556335449
0 0.3935185194015503 0.15361952781677246 0.03703703880310059 0.3072390556335449
0 0.40277776718139646 0.15361952781677246 0.0370370626449585 0.3072390556335449
0 0.4120370388031006 0.15361952781677246 0.037037014961242676 0.3072390556335449
0 0.4212963104248047 0.15361952781677246 0.03703703880310059 0.3072390556335449
0 0.4351851463317871 0.15361952781677246 0.06481480598449707 0.3072390556335449
0 0.430555534362793 0.06313131072304466 0.055555534362792966 0.05050505291331898
0 0.43981480598449707 0.044191918589852074 0.055555534362792966 0.08838383717970415
0 0.45833330154418944 0.15361952781677246 0.03703703880310059 0.3072390556335449
0 0.4675926208496094 0.15361952781677246 0.03703703880310059 0.3072390556335449
0 0.4768518447875977 0.15361952781677246 0.03703703880310059 0.3072390556335449
0 0.48611106872558596 0.15361952781677246 0.03703703880310059 0.3072390556335449
0 0.49537038803100586 0.035774409770965576 0.03703703880310059 0.07154881954193115
0 0.5046296119689941 0.035774409770965576 0.03703703880310059 0.07154881954193115
0 0.5138888359069824 0.035774409770965576 0.03703703880310059 0.07154881954193115
0 0.5231481552124023 0.02735690095207908 0.03703703880310059 0.05471380190415816
0 0.5370370388031006 0.035774409770965576 0.027777767181396483 0.07154881954193115
0 0.5601851463317871 0.035774409770965576 0.11111111640930176 0.07154881954193115
0 0.5787036895751954 0.15361952781677246 0.09259262084960937 0.3072390556335449
0 0.625 0.15361952781677246 0.14814815521240235 0.3072390556335449
0 0.6111111164093017 0.15361952781677246 0.10185184478759765 0.3072390556335449
0 0.6296296119689941 0.035774409770965576 0.10185184478759765 0.07154881954193115
0 0.6388888835906983 0.04629629308527166 0.10185184478759765 0.05050504749471491
0 0.6574073791503906 0.04629629308527166 0.10185184478759765 0.05050504749471491
0 0.6759259223937988 0.04629629308527166 0.10185184478759765 0.05050504749471491
0 0.6944444179534912 0.04629629308527166 0.10185184478759765 0.05050504749471491
0 0.7129629135131836 0.04629629308527166 0.08333334922790528 0.05050504749471491
0 0.7314814567565918 0.04629629308527166 0.08333334922790528 0.05050504749471491
0 0.75 0.04629629308527166 0.08333334922790528 0.05050504749471491
0 0.7731481552124023 0.04629629308527166 0.11111111640930176 0.05050504749471491
0 0.8055555343627929 0.04629629308527166 0.10185184478759765 0.05050504749471491
0 0.8148147583007812 0.0378787869756872 0.10185179710388184 0.03367002985694192
0 0.8425926208496094 0.0378787869756872 0.08333330154418946 0.03367002985694192
0 0.861111068725586 0.0378787869756872 0.08333330154418946 0.03367002985694192
0 0.8842592239379883 0.0378787869756872 0.09259262084960937 0.03367002985694192
0 0.9027777671813965 0.04629629308527166 0.11111106872558593 0.05050504749471491
0 0.9305555343627929 0.04629629308527166 0.11111106872558593 0.05050504749471491
0 0.951388931274414 0.04629629308527166 0.09722223281860351 0.05050504749471491
0 0.9652777671813965 0.04629629308527166 0.06944446563720703 0.05050504749471491
0 0.9583333015441895 0.04629629308527166 0.055555534362792966 0.05050504749471491
0 0.9930555343627929 0.04629629308527166 0.013888931274414063 0.05050504749471491
0 0.9791666030883789 0.04629629308527166 0.041666698455810544 0.05050504749471491
0 0.02083333283662796 0.07154881954193115 0.04166666567325592 0.06734007055109198
0 0.03240740597248078 0.07154881954193115 0.03703703284263611 0.06734007055109198
0 0.04166666567325592 0.06313131072304466 0.03703703284263611 0.0841750827702609
0 0.050925922393798825 0.06313131072304466 0.037037035822868346 0.0841750827702609
0 0.06018518209457398 0.06313131072304466 0.037037035822868346 0.0841750827702609
0 0.06944444179534912 0.05471380190415816 0.03703703880310059 0.10101010582663796
0 0.07870370149612427 0.05471380190415816 0.03703703880310059 0.10101010582663796
0 0.08796296119689942 0.08838383717970415 0.03703703880310059 0.13468014110218396
0 0.09722222089767456 0.08838383717970415 0.03703703880310059 0.13468014110218396
0 0.10648148059844971 0.06313131072304466 0.03703703880310059 0.0841750827702609
0 0.11574074029922485 0.06944444504651157 0.03703703880310059 0.13888889009302313
0 0.125 0.07786195386539806 0.03703703880310059 0.1557239077307961
0 0.13425925970077515 0.07786195386539806 0.03703703880310059 0.1557239077307961
