0 0.03240740690992472 0.00719039390484492 0.037037036788295695 0.01438078780968984
0 0.041666666666666664 0.00719039390484492 0.037037036788295695 0.01438078780968984
0 0.0370370390269678 0.04006076653798421 0.06481481381984944 0.08012153307596842
0 0.06018518618015056 0.04827835957209269 0.0370370390269678 0.09655671914418539
0 0.06944445041423672 0.00719039390484492 0.03703704350431201 0.01438078780968984
0 0.07870370569363447 0.00719039390484492 0.0370370390269678 0.01438078780968984
0 0.08796296992772062 0.00719039390484492 0.03703704350431201 0.01438078780968984
0 0.09259259756741949 0.00719039390484492 0.04629629878370974 0.01438078780968984
0 0.10648148944120452 0.00719039390484492 0.0370370390269678 0.01438078780968984
0 0.1481481561078712 0.00719039390484492 0.13888890082847344 0.01438078780968984
0 0.2685185463775491 0.00719039390484492 0.12037037236030113 0.01438078780968984
0 0.2777778016569469 0.00719039390484492 0.12037037236030113 0.01438078780968984
0 0.30092592194606443 0.00719039390484492 0.12962962763969887 0.01438078780968984
0 0.31944446832361356 0.015407986442248027 0.12962964554907572 0.030815972884496053
0 0.33796297888240906 0.00719039390484492 0.11111111708090339 0.01438078780968984
0 0.31944446832361356 0.023625580469767253 0.07407406014455876 0.047251160939534506
0 0.34259262443148475 0.023625580469767253 0.027777765838193223 0.047251160939534506
0 0.3518518438921288 0.00719039390484492 0.027777765838193223 0.01438078780968984
0 0.375 0.00719039390484492 0.14814812028911753 0.01438078780968984
0 0.4166667024854203 0.00719039390484492 0.08333333333333333 0.01438078780968984
0 0.3796296455490757 0.023625580469767253 0.1203703544509243 0.047251160939534506
0 0.4212963122157424 0.015407986442248027 0.055555531676386445 0.030815972884496053
0 0.4212963122157424 0.023625580469767253 0.03703702111759096 0.047251160939534506
0 0.42592595776481806 0.015407986442248027 0.027777765838193223 0.030815972884496053
0 0.4351851772254621 0.015407986442248027 0.027777765838193223 0.030815972884496053
0 0.44444446832361356 0.015407986442248027 0.02777780165694689 0.030815972884496053
0 0.4537037236030113 0.023625580469767253 0.02777780165694689 0.047251160939534506
0 0.4583333333333333 0.015407986442248027 0.03703705693634463 0.030815972884496053
0 0.48611113499028025 0.015407986442248027 0.0740740780539356 0.030815972884496053
0 0.5138889008284735 0.00719039390484492 0.1481481561078712 0.01438078780968984
0 0.5092592910981514 0.00719039390484492 0.08333333333333333 0.01438078780968984
0 0.5277778016569469 0.015407986442248027 0.04629631221574237 0.030815972884496053
0 0.5601851772254621 0.023625580469767253 0.09259258861273108 0.047251160939534506
0 0.5416666666666666 0.023625580469767253 0.0740740780539356 0.047251160939534506
0 0.5416666666666666 0.015407986442248027 0.05555556749514011 0.030815972884496053
0 0.5648148227745379 0.015407986442248027 0.027777765838193223 0.030815972884496053
0 0.5740741138726893 0.015407986442248027 0.027777765838193223 0.030815972884496053
0 0.5833333333333334 0.015407986442248027 0.027777765838193223 0.030815972884496053
0 0.5972222699805605 0.015407986442248027 0.03703705693634463 0.030815972884496053
0 0.6203703544509243 0.015407986442248027 0.06481482277453786 0.030815972884496053
0 0.6296296455490757 0.015407986442248027 0.06481485859329152 0.030815972884496053
0 0.6435185821963029 0.015407986442248027 0.055555531676386445 0.030815972884496053
0 0.6712963122157424 0.015407986442248027 0.09259262443148474 0.030815972884496053
0 0.6898148944120452 0.015407986442248027 0.0925925527939774 0.030815972884496053
0 0.6990741138726893 0.023625580469767253 0.09259262443148474 0.047251160939534506
0 0.8148148944120452 0.015407986442248027 0.1574074472060226 0.030815972884496053
0 0.8194444683236135 0.015407986442248027 0.07407404223518192 0.030815972884496053
0 0.8425926244314847 0.00719039390484492 0.04629631221574237 0.01438078780968984
0 0.8333333333333334 0.00719039390484492 0.06481482277453786 0.01438078780968984
0 0.8425926244314847 0.00719039390484492 0.06481482277453786 0.01438078780968984
0 0.8703704260884316 0.00719039390484492 0.08333333333333333 0.01438078780968984
0 0.8888889366472271 0.015407986442248027 0.1203703544509243 0.030815972884496053
0 0.8888889366472271 0.00719039390484492 0.06481482277453786 0.01438078780968984
0 0.9120370927550983 0.00719039390484492 0.05555560331389378 0.01438078780968984
0 0.9305556033138938 0.015407986442248027 0.03703702111759096 0.030815972884496053
0 0.9398148944120452 0.015407986442248027 0.0370370927550983 0.030815972884496053
0 0.9421296455490757 0.015407986442248027 0.1157407089018486 0.030815972884496053
0 0.9768519155296361 0.015407986442248027 0.03703702111759096 0.030815972884496053
0 0.9814815610787119 0.00719039390484492 0.02777780165694689 0.01438078780968984
0 0.04398148496386031 0.015407986442248027 0.08796296992772062 0.030815972884496053
0 0.05092592642340862 0.00719039390484492 0.09259259756741949 0.01438078780968984
0 0.041666666666666664 0.0 0.037037036788295695 0.0
0 0.04629629878370974 0.015407986442248027 0.027777777031553742 0.030815972884496053
0 0.06018518618015056 0.056495952606201175 0.0370370390269678 0.11299190521240235
0 0.10185186180150566 0.00719039390484492 0.02777777479288164 0.01438078780968984
0 0.11574074472060226 0.015407986442248027 0.0370370390269678 0.030815972884496053
0 0.17592593985544125 0.00719039390484492 0.08333334228802175 0.01438078780968984
0 0.1990740780539356 0.00719039390484492 0.0925926065221079 0.01438078780968984
0 0.22685186180150566 0.00719039390484492 0.09259258861273108 0.01438078780968984
0 0.23148148944120453 0.0 0.10185186180150566 0.0
0 0.24537039026967797 0.00719039390484492 0.11111113499028022 0.01438078780968984
0 0.3333333333333333 0.00719039390484492 0.06481478695578419 0.01438078780968984
0 0.3333333333333333 0.015407986442248027 0.0462962763969887 0.030815972884496053
0 0.36111113499028025 0.015407986442248027 0.06481482277453786 0.030815972884496053
0 0.375 0.015407986442248027 0.0740740780539356 0.030815972884496053
0 0.3981481561078712 0.015407986442248027 0.08333333333333333 0.030815972884496053
0 0.38888890082847344 0.00719039390484492 0.06481482277453786 0.01438078780968984
0 0.4027778016569469 0.00719039390484492 0.055555531676386445 0.01438078780968984
0 0.4351851772254621 0.0 0.027777765838193223 0.0
0 0.44444446832361356 0.04827835957209269 0.02777780165694689 0.09655671914418539
0 0.4537037236030113 0.056495952606201175 0.02777780165694689 0.11299190521240235
0 0.46296297888240906 0.023625580469767253 0.02777780165694689 0.047251160939534506
0 0.47222223416180675 0.031843173503875735 0.04629631221574237 0.06368634700775147
0 0.49074078053935594 0.0 0.10185187971088248 0.0
0 0.5324074472060226 0.00719039390484492 0.05555556749514011 0.01438078780968984
0 0.5509259577648181 0.031843173503875735 0.05555556749514011 0.06368634700775147
0 0.5462963122157424 0.015407986442248027 0.04629631221574237 0.030815972884496053
0 0.5601852130442159 0.015407986442248027 0.03703702111759096 0.030815972884496053
0 0.5694444683236135 0.023625580469767253 0.03703702111759096 0.047251160939534506
0 0.5833333333333334 0.04006076653798421 0.027777765838193223 0.08012153307596842
0 0.5925926244314847 0.031843173503875735 0.027777765838193223 0.06368634700775147
0 0.6203703544509243 0.031843173503875735 0.06481482277453786 0.06368634700775147
0 0.6388889366472271 0.031843173503875735 0.04629631221574237 0.06368634700775147
0 0.6666666666666666 0.015407986442248027 0.06481482277453786 0.030815972884496053
0 0.6851852488629695 0.015407986442248027 0.06481482277453786 0.030815972884496053
0 0.712962978882409 0.015407986442248027 0.08333333333333333 0.030815972884496053
0 0.7268519155296361 0.00719039390484492 0.0925925527939774 0.01438078780968984
0 0.7546296455490757 0.0 0.09259262443148474 0.0
0 0.7592592910981514 0.00719039390484492 0.10185191552963616 0.01438078780968984
0 0.7777778732944542 0.00719039390484492 0.10185184389212881 0.01438078780968984
0 0.7962963122157424 0.015407986442248027 0.10185184389212881 0.030815972884496053
0 0.8148148944120452 0.00719039390484492 0.10185184389212881 0.01438078780968984
0 0.8101852488629695 0.00719039390484492 0.03703702111759096 0.01438078780968984
0 0.828703759421765 0.031843173503875735 0.03703702111759096 0.06368634700775147
0 0.837962978882409 0.015407986442248027 0.03703702111759096 0.030815972884496053
0 0.8425926244314847 0.00719039390484492 0.027777730019439555 0.01438078780968984
0 0.8564815610787119 0.00719039390484492 0.0370370927550983 0.01438078780968984
0 0.8657407805393559 0.031843173503875735 0.03703702111759096 0.06368634700775147
0 0.9212963122157424 0.031843173503875735 0.11111113499028022 0.06368634700775147
0 0.8981482277453785 0.00719039390484492 0.06481482277453786 0.01438078780968984
0 0.9259259577648181 0.00719039390484492 0.02777780165694689 0.01438078780968984
0 0.9699074472060226 0.04006076653798421 0.06018510558795481 0.08012153307596842
0 0.974537021117591 0.015407986442248027 0.05092588612731074 0.030815972884496053
0 0.9837963122157424 0.015407986442248027 0.03240737556851526 0.030815972884496053
0 0.9837963122157424 0.031843173503875735 0.03240737556851526 0.06368634700775147
0 0.05324074472060226 0.023625580469767253 0.10648148944120452 0.047251160939534506
0 0.0185185195134839 0.023625580469767253 0.027777779270225848 0.047251160939534506
0 0.027777779270225848 0.023625580469767253 0.027777777031553742 0.047251160939534506
0 0.041666666666666664 0.023625580469767253 0.037037036788295695 0.047251160939534506
0 0.05092592642340862 0.056495952606201175 0.037037036788295695 0.11299190521240235
0 0.0740740780539356 0.056495952606201175 0.04629629878370974 0.11299190521240235
0 0.08796296992772062 0.023625580469767253 0.03703704350431201 0.047251160939534506
0 0.09259259756741949 0.04827835957209269 0.04629629878370974 0.09655671914418539
0 0.09722222520711836 0.015407986442248027 0.0370370390269678 0.030815972884496053
0 0.11111111708090339 0.015407986442248027 0.027777783747570055 0.030815972884496053
0 0.11574074472060226 0.023625580469767253 0.0370370390269678 0.047251160939534506
0 0.1250000089546884 0.023625580469767253 0.0370370390269678 0.047251160939534506
0 0.13888890082847344 0.023625580469767253 0.02777777479288164 0.047251160939534506
0 0.15277778374757006 0.023625580469767253 0.03703704798165621 0.047251160939534506
0 0.16203705693634463 0.023625580469767253 0.0370370390269678 0.047251160939534506
0 0.16666666666666666 0.056495952606201175 0.04629629430636554 0.11299190521240235
0 0.1759259219460644 0.056495952606201175 0.04629629430636554 0.11299190521240235
0 0.21296297888240903 0.023625580469767253 0.15740741138726894 0.047251160939534506
0 0.23611113499028022 0.04827835957209269 0.11111111708090339 0.09655671914418539
0 0.21759258861273106 0.056495952606201175 0.0370370390269678 0.11299190521240235
0 0.24074074472060225 0.056495952606201175 0.027777783747570055 0.11299190521240235
0 0.25 0.06471354564030965 0.04629629430636554 0.1294270912806193
0 0.25925927318877456 0.06471354564030965 0.04629631221574237 0.1294270912806193
0 0.2685185463775491 0.06471354564030965 0.027777783747570055 0.1294270912806193
0 0.2777778016569469 0.06471354564030965 0.04629631221574237 0.1294270912806193
0 0.2870370569363446 0.06471354564030965 0.04629631221574237 0.1294270912806193
0 0.30092595776481806 0.06471354564030965 0.0370370390269678 0.1294270912806193
0 0.3101852130442158 0.04827835957209269 0.0370370390269678 0.09655671914418539
0 0.3148148227745379 0.06471354564030965 0.04629629430636554 0.1294270912806193
0 0.32407411387268925 0.06471354564030965 0.0462962763969887 0.1294270912806193
0 0.3333333333333333 0.04827835957209269 0.0462962763969887 0.09655671914418539
0 0.38888890082847344 0.023625580469767253 0.1203703544509243 0.047251160939534506
0 0.3935185105587955 0.023625580469767253 0.11111109917152656 0.047251160939534506
0 0.3796296455490757 0.023625580469767253 0.04629631221574237 0.047251160939534506
0 0.38888890082847344 0.04827835957209269 0.04629631221574237 0.09655671914418539
0 0.4027778016569469 0.015407986442248027 0.055555531676386445 0.030815972884496053
0 0.4120370569363446 0.04827835957209269 0.055555531676386445 0.09655671914418539
0 0.4166666666666667 0.056495952606201175 0.0462962763969887 0.11299190521240235
0 0.4212963122157424 0.04827835957209269 0.03703702111759096 0.09655671914418539
0 0.4351852130442158 0.015407986442248027 0.04629631221574237 0.030815972884496053
0 0.4398148227745379 0.056495952606201175 0.03703705693634463 0.11299190521240235
0 0.44907411387268925 0.056495952606201175 0.03703705693634463 0.11299190521240235
0 0.4583333333333333 0.04827835957209269 0.03703705693634463 0.09655671914418539
0 0.46759262443148475 0.056495952606201175 0.03703705693634463 0.11299190521240235
0 0.4768518797108825 0.04827835957209269 0.03703702111759096 0.09655671914418539
0 0.48611113499028025 0.023625580469767253 0.03703702111759096 0.047251160939534506
0 0.49537039026967794 0.04006076653798421 0.03703702111759096 0.08012153307596842
0 0.5092592910981514 0.04827835957209269 0.04629631221574237 0.09655671914418539
0 0.5185185463775491 0.04827835957209269 0.04629631221574237 0.09655671914418539
0 0.5277778016569469 0.04827835957209269 0.04629631221574237 0.09655671914418539
0 0.5416666666666666 0.06471354564030965 0.05555556749514011 0.1294270912806193
0 0.5555556033138938 0.056495952606201175 0.0462962763969887 0.11299190521240235
0 0.5648148227745379 0.06471354564030965 0.0462962763969887 0.1294270912806193
0 0.5833333333333334 0.07293113867441813 0.0462962763969887 0.14586227734883625
0 0.5925926244314847 0.06471354564030965 0.04629631221574237 0.1294270912806193
0 0.6064814894412045 0.06471354564030965 0.05555556749514011 0.1294270912806193
0 0.6203704260884316 0.07293113867441813 0.04629634803449604 0.14586227734883625
0 0.6296296455490757 0.08936632474263509 0.04629631221574237 0.17873264948527018
0 0.6435185821963029 0.08936632474263509 0.055555531676386445 0.17873264948527018
0 0.6481481561078711 0.08936632474263509 0.04629631221574237 0.17873264948527018
0 0.6574074472060226 0.08936632474263509 0.04629631221574237 0.17873264948527018
0 0.6666666666666666 0.056495952606201175 0.04629624057823504 0.11299190521240235
0 0.6805556033138938 0.04827835957209269 0.055555531676386445 0.09655671914418539
0 0.7361111349902802 0.023625580469767253 0.12962964554907572 0.047251160939534506
0 0.7175926244314847 0.023625580469767253 0.03703702111759096 0.047251160939534506
0 0.7361111349902802 0.04827835957209269 0.03703702111759096 0.09655671914418539
0 0.75 0.04827835957209269 0.04629624057823504 0.09655671914418539
0 0.7592592910981514 0.04827835957209269 0.04629631221574237 0.09655671914418539
0 0.7731482277453785 0.04827835957209269 0.0370370927550983 0.09655671914418539
0 0.7824074472060226 0.023625580469767253 0.03703702111759096 0.047251160939534506
0 0.7916666666666666 0.023625580469767253 0.0370370927550983 0.047251160939534506
0 0.7962963122157424 0.04827835957209269 0.04629631221574237 0.09655671914418539
0 0.8148148944120452 0.04827835957209269 0.04629624057823504 0.09655671914418539
0 0.8333333333333334 0.04827835957209269 0.02777780165694689 0.09655671914418539
0 0.837962978882409 0.015407986442248027 0.03703702111759096 0.030815972884496053
0 0.8472222699805605 0.015407986442248027 0.03703702111759096 0.030815972884496053
0 0.8657407805393559 0.015407986442248027 0.03703702111759096 0.030815972884496053
0 0.9166666666666666 0.023625580469767253 0.12037042608843163 0.047251160939534506
0 0.8888889366472271 0.023625580469767253 0.027777730019439555 0.047251160939534506
0 0.9027778732944542 0.023625580469767253 0.01851851055879548 0.047251160939534506
0 0.9074074472060226 0.023625580469767253 0.04629631221574237 0.047251160939534506
0 0.916666738304174 0.04827835957209269 0.04629631221574237 0.09655671914418539
0 0.9212963122157424 0.04827835957209269 0.0370370927550983 0.09655671914418539
0 0.9305556033138938 0.015407986442248027 0.03703702111759096 0.030815972884496053
0 0.9490741138726893 0.015407986442248027 0.03703702111759096 0.030815972884496053
0 0.9699074472060226 0.056495952606201175 0.06018510558795481 0.11299190521240235
0 0.9768519155296361 0.06471354564030965 0.03703702111759096 0.1294270912806193
0 0.05324074472060226 0.031843173503875735 0.10648148944120452 0.06368634700775147
0 0.055555558540451695 0.023625580469767253 0.08333333333333333 0.047251160939534506
0 0.027777779270225848 0.031843173503875735 0.027777777031553742 0.06368634700775147
0 0.0370370390269678 0.031843173503875735 0.027777777031553742 0.06368634700775147
0 0.04629629878370974 0.023625580469767253 0.027777777031553742 0.047251160939534506
0 0.055555558540451695 0.023625580469767253 0.027777779270225848 0.047251160939534506
0 0.055555558540451695 0.04006076653798421 0.027777779270225848 0.08012153307596842
0 0.06481481381984944 0.015407986442248027 0.027777779270225848 0.030815972884496053
0 0.0879629609730322 0.06471354564030965 0.055555558540451695 0.1294270912806193
0 0.08796296992772062 0.06471354564030965 0.03703704350431201 0.1294270912806193
0 0.10185186180150566 0.056495952606201175 0.02777777479288164 0.11299190521240235
0 0.11111111708090339 0.015407986442248027 0.027777783747570055 0.030815972884496053
0 0.11574074472060226 0.023625580469767253 0.0185185195134839 0.047251160939534506
0 0.125 0.023625580469767253 0.0185185195134839 0.047251160939534506
0 0.13888890082847344 0.04006076653798421 0.02777777479288164 0.08012153307596842
0 0.1481481561078712 0.04827835957209269 0.02777777479288164 0.09655671914418539
0 0.15740741138726894 0.04827835957209269 0.027777783747570055 0.09655671914418539
0 0.16666666666666666 0.04006076653798421 0.027777783747570055 0.08012153307596842
0 0.17129631221574237 0.04827835957209269 0.018518528468172316 0.09655671914418539
0 0.18055556749514012 0.056495952606201175 0.01851851055879548 0.11299190521240235
0 0.18981482277453784 0.056495952606201175 0.01851851055879548 0.11299190521240235
0 0.2037037236030113 0.04827835957209269 0.027777783747570055 0.09655671914418539
0 0.21296297888240903 0.04827835957209269 0.027777783747570055 0.09655671914418539
0 0.2175926065221079 0.056495952606201175 0.01851851055879548 0.11299190521240235
0 0.22685186180150566 0.056495952606201175 0.01851851055879548 0.11299190521240235
0 0.23611113499028022 0.04827835957209269 0.018518528468172316 0.09655671914418539
0 0.24537039026967797 0.04827835957209269 0.018518528468172316 0.09655671914418539
0 0.25925927318877456 0.056495952606201175 0.027777765838193223 0.11299190521240235
0 0.2731481561078712 0.04006076653798421 0.018518528468172316 0.08012153307596842
0 0.28240741138726894 0.056495952606201175 0.018518528468172316 0.11299190521240235
0 0.2916667024854203 0.04006076653798421 0.018518528468172316 0.08012153307596842
0 0.3055555674951401 0.056495952606201175 0.027777783747570055 0.11299190521240235
0 0.3148148227745379 0.056495952606201175 0.027777765838193223 0.11299190521240235
0 0.31944446832361356 0.056495952606201175 0.01851851055879548 0.11299190521240235
0 0.3287037236030113 0.10580151081085205 0.055555531676386445 0.2116030216217041
0 0.33796297888240906 0.1304542859395345 0.055555531676386445 0.260908571879069
0 0.38888890082847344 0.1304542859395345 0.1203703544509243 0.260908571879069
0 0.4027778016569469 0.031843173503875735 0.11111113499028022 0.06368634700775147
0 0.4120370569363446 0.031843173503875735 0.11111113499028022 0.06368634700775147
0 0.4074074472060226 0.056495952606201175 0.10185187971088248 0.11299190521240235
0 0.40740741138726894 0.10580151081085205 0.08333333333333333 0.2116030216217041
0 0.4027778016569469 0.138671875 0.03703702111759096 0.27734375
0 0.4166666666666667 0.1304542859395345 0.0462962763969887 0.260908571879069
0 0.42592595776481806 0.1304542859395345 0.0462962763969887 0.260908571879069
0 0.4351852130442158 0.1304542859395345 0.04629631221574237 0.260908571879069
0 0.4351851772254621 0.1304542859395345 0.027777765838193223 0.260908571879069
0 0.4583333333333333 0.1304542859395345 0.03703705693634463 0.260908571879069
0 0.46296297888240906 0.06471354564030965 0.00925925527939774 0.1294270912806193
0 0.4768518797108825 0.04006076653798421 0.01851851055879548 0.08012153307596842
0 0.48611113499028025 0.056495952606201175 0.01851851055879548 0.11299190521240235
0 0.49537039026967794 0.056495952606201175 0.01851851055879548 0.11299190521240235
0 0.5046296455490757 0.056495952606201175 0.01851851055879548 0.11299190521240235
0 0.5138889008284735 0.056495952606201175 0.01851851055879548 0.11299190521240235
0 0.5277778016569469 0.056495952606201175 0.02777780165694689 0.11299190521240235
0 0.5370370569363446 0.056495952606201175 0.02777780165694689 0.11299190521240235
0 0.5462963122157424 0.04006076653798421 0.06481482277453786 0.08012153307596842
0 0.5509259577648181 0.10580151081085205 0.05555556749514011 0.2116030216217041
0 0.5648148227745379 0.122236696879069 0.0462962763969887 0.244473393758138
0 0.5740741138726893 0.1304542859395345 0.0462962763969887 0.260908571879069
0 0.5925926244314847 0.1304542859395345 0.04629631221574237 0.260908571879069
0 0.6157407805393559 0.06471354564030965 0.03703705693634463 0.1294270912806193
0 0.625 0.1304542859395345 0.0370370927550983 0.260908571879069
0 0.6342592910981514 0.06471354564030965 0.03703702111759096 0.1294270912806193
0 0.6388889366472271 0.1304542859395345 0.04629631221574237 0.260908571879069
0 0.6527778016569469 0.1304542859395345 0.05555560331389378 0.260908571879069
0 0.6666666666666666 0.1304542859395345 0.04629624057823504 0.260908571879069
0 0.6851852488629695 0.023625580469767253 0.04629624057823504 0.047251160939534506
0 0.6805556033138938 0.023625580469767253 0.01851851055879548 0.047251160939534506
0 0.6805556033138938 0.023625580469767253 0.03703702111759096 0.047251160939534506
0 0.7083333333333334 0.056495952606201175 0.0370370927550983 0.11299190521240235
0 0.7546296455490757 0.04006076653798421 0.11111113499028022 0.08012153307596842
0 0.7314815610787119 0.04827835957209269 0.02777780165694689 0.09655671914418539
0 0.7361112066277875 0.04827835957209269 0.01851851055879548 0.09655671914418539
0 0.7453703544509243 0.04827835957209269 0.01851851055879548 0.09655671914418539
0 0.7546296455490757 0.04827835957209269 0.01851851055879548 0.09655671914418539
0 0.7638889366472271 0.04827835957209269 0.01851851055879548 0.09655671914418539
0 0.7731482277453785 0.04827835957209269 0.01851851055879548 0.09655671914418539
0 0.7824074472060226 0.04827835957209269 0.018518582196302816 0.09655671914418539
0 0.7916666666666666 0.04827835957209269 0.01851851055879548 0.09655671914418539
0 0.8009259577648181 0.04827835957209269 0.01851851055879548 0.09655671914418539
0 0.8101852488629695 0.04827835957209269 0.01851851055879548 0.09655671914418539
