0 0.31481480598449707 0.0189393934878436 0.08333332538604736 0.0378787869756872
0 0.32407407760620116 0.0189393934878436 0.08333332538604736 0.0378787869756872
0 0.34259257316589353 0.02735690095207908 0.08333332538604736 0.05471380190415816
0 0.36111111640930177 0.02735690095207908 0.08333332538604736 0.05471380190415816
0 0.3703703641891479 0.035774409770965576 0.08333334922790528 0.07154881954193115
0 0.3796296358108521 0.02735690095207908 0.08333334922790528 0.05471380190415816
0 0.38888888359069823 0.0189393934878436 0.08333332538604736 0.0378787869756872
0 0.4074073791503906 0.02735690095207908 0.08333334922790528 0.05471380190415816
0 0.41666665077209475 0.02735690095207908 0.08333330154418946 0.05471380190415816
0 0.4120370388031006 0.02735690095207908 0.037037014961242676 0.05471380190415816
0 0.444444465637207 0.02735690095207908 0.08333334922790528 0.05471380190415816
0 0.4537036895751953 0.02735690095207908 0.08333330154418946 0.05471380190415816
0 0.4814814567565918 0.0189393934878436 0.08333334922790528 0.0378787869756872
0 0.5 0.0189393934878436 0.08333334922790528 0.0378787869756872
0 0.5092592239379883 0.0189393934878436 0.08333334922790528 0.0378787869756872
0 0.5277777671813965 0.0189393934878436 0.08333330154418946 0.0378787869756872
0 0.5324073791503906 0.0189393934878436 0.09259257316589356 0.0378787869756872
0 0.5509259223937988 0.0189393934878436 0.09259262084960937 0.0378787869756872
0 0.5740740776062012 0.0189393934878436 0.08333334922790528 0.0378787869756872
0 0.5787036895751954 0.035774409770965576 0.09259262084960937 0.07154881954193115
0 0.5972222328186035 0.035774409770965576 0.11111111640930176 0.07154881954193115
0 0.6157407283782959 0.035774409770965576 0.09259262084960937 0.07154881954193115
0 0.6064814567565918 0.035774409770965576 0.05555558204650879 0.07154881954193115
0 0.6064814567565918 0.035774409770965576 0.03703703880310059 0.07154881954193115
0 0.6157407760620117 0.02735690095207908 0.03703703880310059 0.05471380190415816
0 0.625 0.02735690095207908 0.03703703880310059 0.05471380190415816
0 0.6388888835906983 0.02735690095207908 0.027777767181396483 0.05471380190415816
0 0.6435185432434082 0.02735690095207908 0.018518495559692382 0.05471380190415816
0 0.6481481552124023 0.02735690095207908 0.027777767181396483 0.05471380190415816
0 0.6574073791503906 0.02735690095207908 0.027777767181396483 0.05471380190415816
0 0.6759259223937988 0.02735690095207908 0.046296310424804685 0.05471380190415816
0 0.6944444179534912 0.02735690095207908 0.046296310424804685 0.05471380190415816
0 0.6944444179534912 0.02735690095207908 0.027777767181396483 0.05471380190415816
0 0.7037036895751954 0.02735690095207908 0.027777767181396483 0.05471380190415816
0 0.7037036895751954 0.02735690095207908 0.046296310424804685 0.05471380190415816
0 0.736111068725586 0.02735690095207908 0.05555558204650879 0.05471380190415816
0 0.75 0.02735690095207908 0.027777767181396483 0.05471380190415816
0 0.7592592239379883 0.02735690095207908 0.027777814865112306 0.05471380190415816
0 0.7592592239379883 0.02735690095207908 0.027777814865112306 0.05471380190415816
0 0.7685184955596924 0.02735690095207908 0.027777767181396483 0.05471380190415816
0 0.7916666984558105 0.0189393934878436 0.05555558204650879 0.0378787869756872
0 0.7962963104248046 0.02735690095207908 0.06481480598449707 0.05471380190415816
0 0.8194444656372071 0.0189393934878436 0.11111111640930176 0.0378787869756872
0 0.8287036895751954 0.02735690095207908 0.12962965965270995 0.05471380190415816
0 0.8518518447875977 0.0189393934878436 0.12037034034729004 0.0378787869756872
0 0.8379629135131836 0.0189393934878436 0.09259257316589356 0.0378787869756872
0 0.8657407760620117 0.02735690095207908 0.05555562973022461 0.05471380190415816
0 0.875 0.06102693622762507 0.055555534362792966 0.12205387245525014
0 0.8935184478759766 0.02735690095207908 0.05555562973022461 0.05471380190415816
0 0.9074073791503906 0.02735690095207908 0.027777767181396483 0.05471380190415816
0 0.9166666030883789 0.02735690095207908 0.027777767181396483 0.05471380190415816
0 0.9259258270263672 0.02735690095207908 0.027777767181396483 0.05471380190415816
0 0.9351852416992188 0.02735690095207908 0.027777767181396483 0.05471380190415816
0 0.9537036895751954 0.02735690095207908 0.046296310424804685 0.05471380190415816
0 0.9629629135131836 0.02735690095207908 0.027777767181396483 0.05471380190415816
0 0.9722221374511719 0.02735690095207908 0.027777767181396483 0.05471380190415816
0 0.9814815521240234 0.0189393934878436 0.027777767181396483 0.0378787869756872
0 0.039351850748062134 0.02735690095207908 0.07870370149612427 0.05471380190415816
0 0.04629629552364349 0.0189393934878436 0.08333333134651184 0.0378787869756872
0 0.06481481194496155 0.010521885346282612 0.08333333134651184 0.021043770692565224
0 0.07407407164573669 0.02735690095207908 0.08333333730697631 0.05471380190415816
0 0.09259259104728698 0.02735690095207908 0.08333333730697631 0.05471380190415816
0 0.11111111640930176 0.02735690095207908 0.08333333730697631 0.05471380190415816
0 0.12037036418914795 0.010521885346282612 0.08333333730697631 0.021043770692565224
0 0.11111111640930176 0.010521885346282612 0.02777777910232544 0.021043770692565224
0 0.12037036418914795 0.02735690095207908 0.02777777910232544 0.05471380190415816
0 0.13888888359069823 0.02735690095207908 0.04629629850387573 0.05471380190415816
0 0.15277777910232543 0.02735690095207908 0.05555555820465088 0.05471380190415816
0 0.17592592239379884 0.02735690095207908 0.08333333730697631 0.05471380190415816
0 0.18518518209457396 0.010521885346282612 0.08333332538604736 0.021043770692565224
0 0.2037036895751953 0.02735690095207908 0.08333332538604736 0.05471380190415816
0 0.21296296119689942 0.010521885346282612 0.08333333730697631 0.021043770692565224
0 0.2314814805984497 0.010521885346282612 0.08333334922790528 0.021043770692565224
0 0.2407407283782959 0.02735690095207908 0.08333333730697631 0.05471380190415816
0 0.2592592716217041 0.010521885346282612 0.08333332538604736 0.021043770692565224
0 0.25 0.02735690095207908 0.027777767181396483 0.05471380190415816
0 0.2592592716217041 0.05260942740873857 0.027777791023254395 0.10521885481747714
0 0.2685185194015503 0.10311447490345348 0.027777767181396483 0.20622894980690695
0 0.27777776718139646 0.10311447490345348 0.027777767181396483 0.20622894980690695
0 0.2962963104248047 0.10311447490345348 0.04629628658294678 0.20622894980690695
0 0.29629628658294677 0.02735690095207908 0.027777767181396483 0.05471380190415816
0 0.31481480598449707 0.05260942740873857 0.046296310424804685 0.10521885481747714
0 0.32407407760620116 0.05260942740873857 0.04629628658294678 0.10521885481747714
0 0.3333333253860474 0.05260942740873857 0.046296310424804685 0.10521885481747714
0 0.34259257316589353 0.05260942740873857 0.04629628658294678 0.10521885481747714
0 0.3518518447875977 0.10311447490345348 0.046296310424804685 0.20622894980690695
0 0.3703703641891479 0.05260942740873857 0.046296310424804685 0.10521885481747714
0 0.37962961196899414 0.09469696608456699 0.04629628658294678 0.18939393216913397
0 0.38888888359069823 0.09469696608456699 0.046296310424804685 0.18939393216913397
0 0.40277776718139646 0.010521885346282612 0.055555534362792966 0.021043770692565224
0 0.4120370388031006 0.010521885346282612 0.05555555820465088 0.021043770692565224
0 0.4212963104248047 0.010521885346282612 0.03703703880310059 0.021043770692565224
0 0.43981480598449707 0.010521885346282612 0.055555534362792966 0.021043770692565224
0 0.4629629611968994 0.02735690095207908 0.046296310424804685 0.05471380190415816
0 0.4907407283782959 0.010521885346282612 0.08333330154418946 0.021043770692565224
0 0.5092592239379883 0.02735690095207908 0.08333334922790528 0.05471380190415816
0 0.5185185432434082 0.010521885346282612 0.08333334922790528 0.021043770692565224
0 0.5092592239379883 0.010521885346282612 0.04629626274108887 0.021043770692565224
0 0.5138888835906983 0.05260942740873857 0.055555534362792966 0.10521885481747714
0 0.5231481552124023 0.010521885346282612 0.05555558204650879 0.021043770692565224
0 0.5324073791503906 0.010521885346282612 0.03703703880310059 0.021043770692565224
0 0.5416666984558105 0.02735690095207908 0.03703703880310059 0.05471380190415816
0 0.5509259223937988 0.02735690095207908 0.03703703880310059 0.05471380190415816
0 0.5601851463317871 0.02735690095207908 0.03703703880310059 0.05471380190415816
0 0.5833333015441895 0.02735690095207908 0.04629626274108887 0.05471380190415816
0 0.6018518447875977 0.02735690095207908 0.046296310424804685 0.05471380190415816
0 0.6157407760620117 0.035774409770965576 0.03703703880310059 0.07154881954193115
0 0.6296296119689941 0.035774409770965576 0.027777767181396483 0.07154881954193115
0 0.6666666507720947 0.035774409770965576 0.027777767181396483 0.07154881954193115
0 0.6990740776062012 0.02735690095207908 0.018518495559692382 0.05471380190415816
0 0.7222222328186035 0.02735690095207908 0.027777814865112306 0.05471380190415816
0 0.7546296119689941 0.010521885346282612 0.018518543243408202 0.021043770692565224
0 0.7685184955596924 0.02735690095207908 0.027777767181396483 0.05471380190415816
0 0.7777777671813965 0.02735690095207908 0.027777767181396483 0.05471380190415816
0 0.7916666507720947 0.02735690095207908 0.037036991119384764 0.05471380190415816
0 0.8055555343627929 0.0189393934878436 0.06481475830078125 0.0378787869756872
0 0.8055555343627929 0.02735690095207908 0.08333334922790528 0.05471380190415816
0 0.8148147583007812 0.0189393934878436 0.08333330154418946 0.0378787869756872
0 0.8148147583007812 0.010521885346282612 0.0648148536682129 0.021043770692565224
0 0.8796296119689941 0.02735690095207908 0.046296310424804685 0.05471380190415816
0 0.8796296119689941 0.02735690095207908 0.027777862548828126 0.05471380190415816
0 0.888888931274414 0.0189393934878436 0.027777767181396483 0.0378787869756872
0 0.8981481552124023 0.02735690095207908 0.027777767181396483 0.05471380190415816
0 0.9490740776062012 0.02735690095207908 0.037037086486816403 0.05471380190415816
0 0.9583333015441895 0.02735690095207908 0.037037086486816403 0.05471380190415816
0 0.9722221374511719 0.035774409770965576 0.027777767181396483 0.07154881954193115
0 0.9814815521240234 0.035774409770965576 0.027777767181396483 0.07154881954193115
0 0.9791666030883789 0.035774409770965576 0.041666698455810544 0.07154881954193115
0 0.011574073880910873 0.02735690095207908 0.023148147761821745 0.05471380190415816
0 0.018518517911434173 0.02735690095207908 0.0277777761220932 0.05471380190415816
0 0.0277777761220932 0.02735690095207908 0.02777777910232544 0.05471380190415816
0 0.037037035822868346 0.02735690095207908 0.027777773141860963 0.05471380190415816
0 0.046296292543411256 0.02735690095207908 0.0277777761220932 0.05471380190415816
0 0.0555555522441864 0.02735690095207908 0.0277777761220932 0.05471380190415816
0 0.07407407164573669 0.02735690095207908 0.02777777910232544 0.05471380190415816
0 0.09259259104728698 0.02735690095207908 0.02777777910232544 0.05471380190415816
0 0.10648148059844971 0.06944444504651157 0.03703703880310059 0.13888889009302313
0 0.11574074029922485 0.06944444504651157 0.03703703880310059 0.13888889009302313
0 0.125 0.06944444504651157 0.03703703880310059 0.13888889009302313
0 0.14814815521240235 0.02735690095207908 0.02777777910232544 0.05471380190415816
0 0.15740740299224854 0.02735690095207908 0.02777777910232544 0.05471380190415816
0 0.16666667461395263 0.02735690095207908 0.02777777910232544 0.05471380190415816
0 0.18518518209457396 0.02735690095207908 0.027777767181396483 0.05471380190415816
0 0.19444444179534912 0.02735690095207908 0.027777767181396483 0.05471380190415816
0 0.2037036895751953 0.02735690095207908 0.027777791023254395 0.05471380190415816
0 0.21296296119689942 0.02735690095207908 0.02777777910232544 0.05471380190415816
0 0.2222222328186035 0.02735690095207908 0.027777791023254395 0.05471380190415816
0 0.2314814805984497 0.02735690095207908 0.027777767181396483 0.05471380190415816
0 0.2407407283782959 0.07786195386539806 0.027777791023254395 0.1557239077307961
0 0.24537036418914795 0.08627945726568048 0.03703703880310059 0.17255891453136096
0 0.24537036418914795 0.13678451017899948 0.03703703880310059 0.27356902035799896
0 0.2546296358108521 0.10521885481747714 0.03703703880310059 0.20202018997885965
0 0.2731481552124023 0.10521885481747714 0.018518519401550294 0.20202018997885965
0 0.28240740299224854 0.10311447490345348 0.018518495559692382 0.20622894980690695
0 0.305555534362793 0.10521885481747714 0.04629628658294678 0.20202018997885965
0 0.31481480598449707 0.10311447490345348 0.046296310424804685 0.20622894980690695
0 0.32407407760620116 0.10311447490345348 0.04629628658294678 0.20622894980690695
0 0.3333333253860474 0.09469696608456699 0.046296310424804685 0.18939393216913397
0 0.3379629611968994 0.07786195386539806 0.03703703880310059 0.1557239077307961
0 0.3564814805984497 0.07786195386539806 0.03703703880310059 0.1557239077307961
0 0.3703703641891479 0.07786195386539806 0.046296310424804685 0.1557239077307961
0 0.3842592477798462 0.02735690095207908 0.03703703880310059 0.05471380190415816
0 0.3981481552124023 0.02735690095207908 0.027777791023254395 0.05471380190415816
0 0.4074073791503906 0.02735690095207908 0.04629628658294678 0.05471380190415816
0 0.41666665077209475 0.07786195386539806 0.04629628658294678 0.1557239077307961
0 0.4351851463317871 0.07786195386539806 0.04629626274108887 0.1557239077307961
0 0.444444465637207 0.06944444504651157 0.04629626274108887 0.13888889009302313
0 0.44907407760620116 0.02735690095207908 0.03703703880310059 0.05471380190415816
0 0.4814814567565918 0.02735690095207908 0.027777767181396483 0.05471380190415816
0 0.48611106872558596 0.02735690095207908 0.03703703880310059 0.05471380190415816
0 0.5 0.02735690095207908 0.027777767181396483 0.05471380190415816
0 0.5092592239379883 0.02735690095207908 0.027777814865112306 0.05471380190415816
0 0.5185184955596924 0.02735690095207908 0.046296310424804685 0.05471380190415816
0 0.5277777671813965 0.02735690095207908 0.046296310424804685 0.05471380190415816
0 0.5694444656372071 0.035774409770965576 0.03703703880310059 0.07154881954193115
0 0.5879629135131836 0.06102693622762507 0.03703703880310059 0.12205387245525014
0 0.6018518447875977 0.06102693622762507 0.046296310424804685 0.12205387245525014
0 0.6203703880310059 0.10311447490345348 0.04629626274108887 0.20622894980690695
0 0.6296296119689941 0.10311447490345348 0.046296310424804685 0.20622894980690695
0 0.6388888835906983 0.06944444504651157 0.046296310424804685 0.13888889009302313
0 0.6527777671813965 0.07786195386539806 0.037036991119384764 0.1557239077307961
0 0.6574073791503906 0.06944444504651157 0.027777767181396483 0.13888889009302313
0 0.6805555343627929 0.06102693622762507 0.055555534362792966 0.12205387245525014
0 0.6898147583007812 0.06944444504651157 0.03703703880310059 0.13888889009302313
0 0.7083333015441895 0.0189393934878436 0.03703703880310059 0.0378787869756872
0 0.7175926208496094 0.0189393934878436 0.03703703880310059 0.0378787869756872
0 0.7314814567565918 0.05260942740873857 0.06481480598449707 0.10521885481747714
0 0.75 0.02735690095207908 0.046296310424804685 0.05471380190415816
0 0.7592592239379883 0.06944444504651157 0.04629626274108887 0.13888889009302313
0 0.7592592239379883 0.06944444504651157 0.027777814865112306 0.13888889009302313
0 0.7824073791503906 0.06102693622762507 0.03703703880310059 0.12205387245525014
0 0.7777777671813965 0.02735690095207908 0.046296310424804685 0.05471380190415816
0 0.7962963104248046 0.02735690095207908 0.046296310424804685 0.05471380190415816
0 0.8148147583007812 0.02735690095207908 0.027777767181396483 0.05471380190415816
0 0.8148147583007812 0.02735690095207908 0.04629626274108887 0.05471380190415816
0 0.8287036895751954 0.02735690095207908 0.037037086486816403 0.05471380190415816
0 0.8379629135131836 0.02735690095207908 0.037036991119384764 0.05471380190415816
0 0.8564814567565918 0.02735690095207908 0.037037086486816403 0.05471380190415816
0 0.8657407760620117 0.02735690095207908 0.037036991119384764 0.05471380190415816
0 0.875 0.02735690095207908 0.037037086486816403 0.05471380190415816
0 0.8888888359069824 0.06102693622762507 0.046296310424804685 0.12205387245525014
0 0.9074073791503906 0.06944444504651157 0.046296310424804685 0.13888889009302313
0 0.9212963104248046 0.07786195386539806 0.055555534362792966 0.1557239077307961
0 0.9305555343627929 0.06944444504651157 0.055555534362792966 0.13888889009302313
0 0.9490740776062012 0.06944444504651157 0.055555534362792966 0.13888889009302313
0 0.9722222328186035 0.06944444504651157 0.046296310424804685 0.13888889009302313
0 0.9791666030883789 0.06944444504651157 0.041666698455810544 0.13888889009302313
0 0.01620370298624039 0.04629629308527166 0.03240740597248078 0.0841750827702609
0 0.018518517911434173 0.08627945726568048 0.0277777761220932 0.17255891453136096
0 0.03240740597248078 0.08627945726568048 0.018518517911434173 0.17255891453136096
0 0.04166666567325592 0.05260942740873857 0.03703703284263611 0.10521885481747714
0 0.04166666269302368 0.05260942740873857 0.018518516421318056 0.10521885481747714
0 0.046296292543411256 0.06313131072304466 0.0277777761220932 0.05050505291331898
0 0.0555555522441864 0.05471380190415816 0.0277777761220932 0.0673400651324879
0 0.06944444179534912 0.06313131072304466 0.03703703880310059 0.0841750827702609
0 0.08796296119689942 0.05471380190415816 0.03703703880310059 0.10101010582663796
0 0.09259259104728698 0.04629629308527166 0.02777777910232544 0.0841750827702609
0 0.11111111640930176 0.044191918589852074 0.02777777910232544 0.08838383717970415
0 0.12037036418914795 0.044191918589852074 0.02777777910232544 0.08838383717970415
0 0.13425925970077515 0.035774409770965576 0.03703703880310059 0.07154881954193115
0 0.1435185194015503 0.035774409770965576 0.03703703880310059 0.07154881954193115
0 0.14814815521240235 0.04629629308527166 0.02777777910232544 0.0841750827702609
0 0.15740740299224854 0.04629629308527166 0.02777777910232544 0.0841750827702609
0 0.16666667461395263 0.04629629308527166 0.02777777910232544 0.0841750827702609
0 0.18055555820465088 0.04629629308527166 0.018518507480621338 0.0841750827702609
0 0.19444444179534912 0.035774409770965576 0.027777767181396483 0.07154881954193115
0 0.2037036895751953 0.15361952781677246 0.027777791023254395 0.3072390556335449
0 0.20833332538604737 0.08627945726568048 0.03703703880310059 0.17255891453136096
0 0.21759257316589356 0.09680134599859064 0.018518519401550294 0.1515151479027488
0 0.2314814805984497 0.09680134599859064 0.027777767181396483 0.1515151479027488
0 0.2731481552124023 0.08627945726568048 0.037037014961242676 0.17255891453136096
0 0.29166665077209475 0.09469696608456699 0.037037014961242676 0.18939393216913397
0 0.31018519401550293 0.09469696608456699 0.018518519401550294 0.18939393216913397
0 0.305555534362793 0.08627945726568048 0.04629628658294678 0.17255891453136096
0 0.3333333253860474 0.15361952781677246 0.027777767181396483 0.3072390556335449
0 0.34259257316589353 0.15361952781677246 0.027777791023254395 0.3072390556335449
0 0.3518518447875977 0.15361952781677246 0.027777767181396483 0.3072390556335449
0 0.36111111640930177 0.15361952781677246 0.027777791023254395 0.3072390556335449
0 0.3564814567565918 0.15361952781677246 0.018518519401550294 0.3072390556335449
0 0.375 0.15361952781677246 0.03703703880310059 0.3072390556335449
0 0.38888888359069823 0.15361952781677246 0.009259271621704101 0.3072390556335449
0 0.3981481552124023 0.15361952781677246 0.009259247779846191 0.3072390556335449
0 0.41666665077209475 0.15361952781677246 0.027777767181396483 0.3072390556335449
0 0.3518518447875977 0.15361952781677246 0.13888890743255616 0.3072390556335449
0 0.4444444179534912 0.15361952781677246 0.027777767181396483 0.3072390556335449
0 0.38888888359069823 0.15361952781677246 0.15740740299224854 0.3072390556335449
0 0.4675926208496094 0.15361952781677246 0.03703703880310059 0.3072390556335449
0 0.47222223281860354 0.15361952781677246 0.009259271621704101 0.3072390556335449
0 0.4907407283782959 0.15361952781677246 0.027777767181396483 0.3072390556335449
0 0.5 0.15361952781677246 0.027777767181396483 0.3072390556335449
0 0.5092592239379883 0.15361952781677246 0.027777814865112306 0.3072390556335449
0 0.5185184955596924 0.15361952781677246 0.027777767181396483 0.3072390556335449
0 0.5277777671813965 0.15361952781677246 0.027777767181396483 0.3072390556335449
0 0.5370370388031006 0.15361952781677246 0.027777767181396483 0.3072390556335449
0 0.5462963104248046 0.15361952781677246 0.027777814865112306 0.3072390556335449
0 0.5416666507720947 0.15361952781677246 0.018518543243408202 0.3072390556335449
0 0.5601851463317871 0.15361952781677246 0.03703703880310059 0.3072390556335449
0 0.5694444656372071 0.15361952781677246 0.03703703880310059 0.3072390556335449
0 0.5787036895751954 0.15361952781677246 0.03703703880310059 0.3072390556335449
0 0.5879629135131836 0.15361952781677246 0.03703703880310059 0.3072390556335449
0 0.6018518447875977 0.15361952781677246 0.046296310424804685 0.3072390556335449
0 0.6157407760620117 0.15361952781677246 0.03703703880310059 0.3072390556335449
0 0.5601851463317871 0.15361952781677246 0.16666665077209472 0.3072390556335449
0 0.6342592239379883 0.15361952781677246 0.03703703880310059 0.3072390556335449
0 0.5925925731658935 0.15361952781677246 0.15740737915039063 0.3072390556335449
0 0.625 0.15361952781677246 0.16666665077209472 0.3072390556335449
0 0.6990740776062012 0.15361952781677246 0.03703703880310059 0.3072390556335449
0 0.7129629611968994 0.15361952781677246 0.027777767181396483 0.3072390556335449
0 0.7083333015441895 0.15361952781677246 0.018518495559692382 0.3072390556335449
0 0.7314814567565918 0.15361952781677246 0.027777767181396483 0.3072390556335449
0 0.7453703880310059 0.15361952781677246 0.03703703880310059 0.3072390556335449
0 0.6851851463317871 0.15361952781677246 0.15740742683410644 0.3072390556335449
0 0.7592592239379883 0.15361952781677246 0.027777814865112306 0.3072390556335449
0 0.7129629611968994 0.15361952781677246 0.15740737915039063 0.3072390556335449
0 0.8009259223937988 0.15361952781677246 0.037037086486816403 0.3072390556335449
0 0.8101851463317871 0.15361952781677246 0.03703703880310059 0.3072390556335449
0 0.8194444656372071 0.15361952781677246 0.037036991119384764 0.3072390556335449
0 0.8287036895751954 0.15361952781677246 0.037037086486816403 0.3072390556335449
0 0.8379629135131836 0.15361952781677246 0.037036991119384764 0.3072390556335449
0 0.8472221374511719 0.15361952781677246 0.037036991119384764 0.3072390556335449
0 0.8564814567565918 0.15361952781677246 0.037037086486816403 0.3072390556335449
0 0.8657407760620117 0.15361952781677246 0.037036991119384764 0.3072390556335449
0 0.875 0.15361952781677246 0.037037086486816403 0.3072390556335449
0 0.8842592239379883 0.02735690095207908 0.037037086486816403 0.05471380190415816
0 0.8796296119689941 0.044191918589852074 0.027777862548828126 0.08838383717970415
0 0.8935184478759766 0.15361952781677246 0.037036991119384764 0.3072390556335449
0 0.8981481552124023 0.15361952781677246 0.009259223937988281 0.3072390556335449
0 0.9166666030883789 0.15361952781677246 0.027777767181396483 0.3072390556335449
0 0.9259258270263672 0.15361952781677246 0.027777767181396483 0.3072390556335449
0 0.9351852416992188 0.15361952781677246 0.027777767181396483 0.3072390556335449
0 0.9444444656372071 0.15361952781677246 0.027777767181396483 0.3072390556335449
0 0.9537036895751954 0.15361952781677246 0.027777862548828126 0.3072390556335449
0 0.9537036895751954 0.15361952781677246 0.009259223937988281 0.3072390556335449
0 0.9722221374511719 0.15361952781677246 0.027777767181396483 0.3072390556335449
0 0.9189814567565918 0.15361952781677246 0.16203708648681642 0.3072390556335449
0 0.9930555343627929 0.15361952781677246 0.013888931274414063 0.3072390556335449
0 0.9791666030883789 0.05260942740873857 0.041666698455810544 0.10521885481747714
