0 0.09514094955489615 0.38278931750741835 0.12351632047477745 0.38278931750741835 0.12351632047477745 0.543026706231454 0.09514094955489615 0.543026706231454
0 0.1368694362017804 0.4094955489614243 0.16858308605341246 0.4094955489614243 0.16858308605341246 0.5459940652818991 0.1368694362017804 0.5459940652818991
0 0.35385756676557867 0.5044510385756676 0.41561572700296734 0.5044510385756676 0.41561572700296734 0.6765578635014838 0.35385756676557867 0.6765578635014838
0 0.35552670623145405 0.37091988130563797 0.4172848664688428 0.37091988130563797 0.4172848664688428 0.4985163204747774 0.35552670623145405 0.4985163204747774
0 0.47570474777448074 0.3916913946587537 0.5408011869436201 0.3916913946587537 0.5408011869436201 0.46587537091988135 0.47570474777448074 0.46587537091988135
0 0.4439910979228487 0.228486646884273 0.5057492581602375 0.228486646884273 0.5057492581602375 0.3590504451038576 0.4439910979228487 0.3590504451038576
0 0.6275964391691395 0.3916913946587537 0.6693249258160238 0.3916913946587537 0.6693249258160238 0.5133531157270029 0.6275964391691395 0.5133531157270029
0 0.6910237388724034 0.5548961424332344 0.7678041543026707 0.5548961424332344 0.7678041543026707 0.7359050445103859 0.6910237388724034 0.7359050445103859
0 0.782826409495549 0.43026706231454015 0.8329005934718101 0.43026706231454015 0.8329005934718101 0.5578635014836796 0.782826409495549 0.5578635014836796
1 0.8629451038575668 0.49554896142433236 0.9063427299703266 0.49554896142433236 0.9063427299703266 0.6350148367952523 0.8629451038575668 0.6350148367952523
