0 0.18269230769230765 0.6507381507381509 0.24358974358974356 0.6507381507381509 0.24358974358974356 0.8585858585858588 0.18269230769230765 0.8585858585858588
0 0.4668803418803419 0.5516705516705517 0.5106837606837608 0.5516705516705517 0.5106837606837608 0.7381507381507381 0.4668803418803419 0.7381507381507381
1 0.2777777777777778 0.19813519813519817 0.32585470085470086 0.19813519813519817 0.32585470085470086 0.38073038073038085 0.2777777777777778 0.38073038073038085
0 0.19764957264957264 0.12626262626262627 0.23824786324786323 0.12626262626262627 0.23824786324786323 0.26612276612276614 0.19764957264957264 0.26612276612276614
1 0.07478632478632478 0.15734265734265734 0.13354700854700857 0.15734265734265734 0.13354700854700857 0.30691530691530694 0.07478632478632478 0.30691530691530694
1 0.5566239316239316 0.22144522144522147 0.5961538461538461 0.22144522144522147 0.5961538461538461 0.38655788655788664 0.5566239316239316 0.38655788655788664
1 0.6517094017094017 0.18065268065268067 0.6901709401709402 0.18065268065268067 0.6901709401709402 0.3418803418803419 0.6517094017094017 0.3418803418803419
1 0.7905982905982906 0.36519036519036524 0.8504273504273504 0.36519036519036524 0.8504273504273504 0.5691530691530692 0.7905982905982906 0.5691530691530692
2 0.7072649572649573 0.25641025641025644 0.7403846153846155 0.25641025641025644 0.7403846153846155 0.41958041958041964 0.7072649572649573 0.41958041958041964
2 0.5170940170940171 0.5050505050505051 0.561965811965812 0.5050505050505051 0.561965811965812 0.7323232323232325 0.5170940170940171 0.7323232323232325
