0 0.29914508519616645 0.28110101081983285 0.3194442304953117 0.28110101081983285 0.3194442304953117 0.3532757496612383 0.29914508519616645 0.3532757496612383
0 0.31410257566738214 0.25641042887171783 0.3386752252400317 0.25641042887171783 0.3386752252400317 0.3323838381784605 0.31410257566738214 0.3323838381784605
0 0.33760683760683763 0.2431149097815765 0.3525641025641026 0.2431149097815765 0.3525641025641026 0.30579297245963916 0.33760683760683763 0.30579297245963916
1 0.3675213675213675 0.2336182336182336 0.3952991452991453 0.2336182336182336 0.3952991452991453 0.3190883190883191 0.3675213675213675 0.3190883190883191
1 0.452991452991453 0.18803418803418803 0.46688034188034183 0.18803418803418803 0.46688034188034183 0.2355175688509022 0.452991452991453 0.2355175688509022
1 0.3076923076923077 0.19943019943019943 0.33974358974358976 0.19943019943019943 0.33974358974358976 0.26970560303893637 0.3076923076923077 0.26970560303893637
1 0.33760683760683763 0.345679012345679 0.358974358974359 0.345679012345679 0.358974358974359 0.419753086419753 0.33760683760683763 0.419753086419753
0 0.4326923076923077 0.2374169040835707 0.44978632478632474 0.2374169040835707 0.44978632478632474 0.30009496676163344 0.4326923076923077 0.30009496676163344
0 0.3824786324786325 0.19753086419753085 0.3985042735042736 0.19753086419753085 0.3985042735042736 0.23171889838556506 0.3824786324786325 0.23171889838556506
0 0.22756410256410256 0.2678062678062678 0.24786324786324787 0.2678062678062678 0.24786324786324787 0.32858499525166185 0.22756410256410256 0.32858499525166185
1 0.733974358974359 0.26590693257359926 0.7574786324786325 0.26590693257359926 0.7574786324786325 0.33998100664767333 0.733974358974359 0.33998100664767333
