0 0.202991452991453 0.34377967711301044 0.23717948717948717 0.34377967711301044 0.23717948717948717 0.4178537511870845 0.202991452991453 0.4178537511870845
0 0.38354700854700857 0.48243114909781576 0.4155982905982906 0.48243114909781576 0.4155982905982906 0.6134852801519468 0.38354700854700857 0.6134852801519468
1 0.43162393162393164 0.4368471035137702 0.46688034188034183 0.4368471035137702 0.46688034188034183 0.5356125356125356 0.43162393162393164 0.5356125356125356
0 0.6912393162393162 0.3285849952516619 0.7190170940170939 0.3285849952516619 0.7190170940170939 0.40835707502374174 0.6912393162393162 0.40835707502374174
1 0.641025641025641 0.25451092117758783 0.6623931623931624 0.25451092117758783 0.6623931623931624 0.32858499525166185 0.641025641025641 0.32858499525166185
1 0.7510683760683761 0.30959164292497626 0.7724358974358976 0.30959164292497626 0.7724358974358976 0.37226970560303896 0.7510683760683761 0.37226970560303896
1 0.7158119658119658 0.22602089268755937 0.7371794871794873 0.22602089268755937 0.7371794871794873 0.2943969610636277 0.7158119658119658 0.2943969610636277
1 0.9358974358974359 0.4444444444444444 0.9679487179487178 0.4444444444444444 0.9679487179487178 0.520417853751187 0.9358974358974359 0.520417853751187
0 0.8205128205128205 0.4634377967711301 0.8365384615384616 0.4634377967711301 0.8365384615384616 0.5432098765432098 0.8205128205128205 0.5432098765432098
1 0.8141025641025641 0.40645773979107314 0.8344017094017094 0.40645773979107314 0.8344017094017094 0.45394112060778735 0.8141025641025641 0.45394112060778735
0 0.7884615384615384 0.42924976258309594 0.8044871794871795 0.42924976258309594 0.8044871794871795 0.48243114909781576 0.7884615384615384 0.48243114909781576
