0 0.3952991452991453 0.577397910731244 0.4444444444444444 0.577397910731244 0.4444444444444444 0.6704653371320038 0.3952991452991453 0.6704653371320038
0 0.3675213675213675 0.301994301994302 0.38675213675213677 0.301994301994302 0.38675213675213677 0.3874643874643874 0.3675213675213675 0.3874643874643874
0 0.44764957264957267 0.2981956315289649 0.46794871794871795 0.2981956315289649 0.46794871794871795 0.3570750237416904 0.44764957264957267 0.3570750237416904
0 0.4284188034188034 0.22602089268755937 0.45085470085470086 0.22602089268755937 0.45085470085470086 0.26970560303893637 0.4284188034188034 0.26970560303893637
1 0.49465811965811973 0.28110161443494774 0.5149572649572649 0.28110161443494774 0.5149572649572649 0.34947768281101615 0.49465811965811973 0.34947768281101615
1 0.7873931623931624 0.3931623931623932 0.8108974358974359 0.3931623931623932 0.8108974358974359 0.47103513770180444 0.7873931623931624 0.47103513770180444
1 0.7596153846153846 0.2792022792022792 0.7777777777777779 0.2792022792022792 0.7777777777777779 0.3285849952516619 0.7596153846153846 0.3285849952516619
1 0.7702991452991453 0.21652421652421652 0.7852564102564102 0.21652421652421652 0.7852564102564102 0.2792022792022792 0.7702991452991453 0.2792022792022792
0 0.9369658755723109 0.5906932358022414 0.9754274140338494 0.5906932358022414 0.9754274140338494 0.662867974643647 0.9369658755723109 0.662867974643647
1 0.9594017094017094 0.2564102564102564 0.983974358974359 0.2564102564102564 0.983974358974359 0.32288698955365625 0.9594017094017094 0.32288698955365625
1 0.9049145299145299 0.6153846153846154 0.9401709401709402 0.6153846153846154 0.9401709401709402 0.7065527065527065 0.9049145299145299 0.7065527065527065
