2 0.5474777448071216 0.29376854599406527 0.5875370919881304 0.29376854599406527 0.5875370919881304 0.41543026706231456 0.5474777448071216 0.41543026706231456
1 0.8929896142433235 0.4035608308605341 0.9564169139465875 0.4035608308605341 0.9564169139465875 0.5934718100890207 0.8929896142433235 0.5934718100890207
1 0.6960311572700297 0.6083086053412463 0.7644658753709198 0.6083086053412463 0.7644658753709198 0.8219584569732936 0.6960311572700297 0.8219584569732936
0 0.530786350148368 0.7774480712166171 0.6142433234421365 0.7774480712166171 0.6142433234421365 0.9881305637982194 0.530786350148368 0.9881305637982194
0 0.3154673590504451 0.658753709198813 0.3655415430267063 0.658753709198813 0.3655415430267063 0.8664688427299704 0.3154673590504451 0.8664688427299704
0 0.27874629080118696 0.6172106824925816 0.3204747774480713 0.6172106824925816 0.3204747774480713 0.7388724035608308 0.27874629080118696 0.7388724035608308
1 0.47737388724035607 0.44510385756676557 0.5224406528189911 0.44510385756676557 0.5224406528189911 0.6409495548961426 0.47737388724035607 0.6409495548961426
0 0.517433234421365 0.5014836795252225 0.5725148367952523 0.5014836795252225 0.5725148367952523 0.6498516320474778 0.517433234421365 0.6498516320474778
1 0.39725519287833827 0.42433234421364985 0.4439910979228487 0.42433234421364985 0.4439910979228487 0.6261127596439168 0.39725519287833827 0.6261127596439168
1 0.3388353115727003 0.4688427299703264 0.37054896142433236 0.4688427299703264 0.37054896142433236 0.6023738872403561 0.3388353115727003 0.6023738872403561
1 0.2987759643916914 0.5370919881305638 0.3605341246290802 0.5370919881305638 0.3605341246290802 0.6706231454005934 0.2987759643916914 0.6706231454005934
