0 0.2211538808483001 0.29059697557964737 0.24893158923717 0.29059697557964737 0.24893158923717 0.38366440198040713 0.2211538808483001 0.38366440198040713
0 0.25106837606837606 0.33808167141500467 0.2692307692307692 0.33808167141500467 0.2692307692307692 0.34377967711301044 0.25106837606837606 0.34377967711301044
1 0.2232905982905983 0.4083570750237417 0.25 0.4083570750237417 0.25 0.4976258309591643 0.2232905982905983 0.4976258309591643
1 0.30448717948717946 0.31339031339031337 0.3376068376068376 0.31339031339031337 0.3376068376068376 0.3798670465337132 0.30448717948717946 0.3798670465337132
1 0.41025641025641024 0.19943019943019943 0.43696581196581197 0.19943019943019943 0.43696581196581197 0.2678062678062678 0.41025641025641024 0.2678062678062678
0 0.47008547008547 0.28300094966761635 0.49679487179487175 0.28300094966761635 0.49679487179487175 0.3798670465337132 0.47008547008547 0.3798670465337132
1 0.673076923076923 0.288698955365622 0.7008547008547007 0.288698955365622 0.7008547008547007 0.36847103513770174 0.673076923076923 0.36847103513770174
0 0.2724358974358974 0.24691358024691354 0.2831196581196581 0.24691358024691354 0.2831196581196581 0.32288698955365625 0.2724358974358974 0.32288698955365625
0 0.24358974358974358 0.26020892687559355 0.2628205128205129 0.26020892687559355 0.2628205128205129 0.33238366571699907 0.24358974358974358 0.33238366571699907
0 0.29594017094017094 0.21082621082621084 0.3173076923076923 0.21082621082621084 0.3173076923076923 0.25451092117758783 0.29594017094017094 0.25451092117758783
1 0.24786324786324787 0.20892687559354226 0.2724358974358974 0.20892687559354226 0.2724358974358974 0.2431149097815765 0.24786324786324787 0.2431149097815765
0 0.21153846153846154 0.28110161443494774 0.22756410256410256 0.28110161443494774 0.22756410256410256 0.3114909781576448 0.21153846153846154 0.3114909781576448
