0 0.4412393162393162 0.51661918328585 0.49679487179487186 0.51661918328585 0.49679487179487186 0.6324786324786323 0.4412393162393162 0.6324786324786323
1 0.4113247863247863 0.25071225071225073 0.4423076923076923 0.25071225071225073 0.4423076923076923 0.33618233618233617 0.4113247863247863 0.33618233618233617
0 0.45085470085470086 0.3190883190883191 0.47863247863247865 0.3190883190883191 0.47863247863247865 0.4311490978157645 0.45085470085470086 0.4311490978157645
0 0.27670944796867364 0.27920255945215394 0.31730773856696426 0.27920255945215394 0.31730773856696426 0.3684713153875766 0.27670944796867364 0.3684713153875766
1 0.6068376068376068 0.2792022792022792 0.6346153846153846 0.2792022792022792 0.6346153846153846 0.36277302943969614 0.6068376068376068 0.36277302943969614
1 0.7094017094017094 0.20892687559354226 0.7254273504273505 0.20892687559354226 0.7254273504273505 0.2849002849002849 0.7094017094017094 0.2849002849002849
1 0.9155982905982906 0.19373219373219372 0.94017094017094 0.19373219373219372 0.94017094017094 0.26020892687559355 0.9155982905982906 0.26020892687559355
1 0.9497863247863247 0.41025641025641024 0.9871794871794872 0.41025641025641024 0.9871794871794872 0.5451092117758785 0.9497863247863247 0.5451092117758785
1 0.6666666666666665 0.4786324786324786 0.7094017094017093 0.4786324786324786 0.7094017094017093 0.5735992402659069 0.6666666666666665 0.5735992402659069
0 0.7510683760683761 0.4311490978157645 0.783119658119658 0.4311490978157645 0.783119658119658 0.5242165242165241 0.7510683760683761 0.5242165242165241
0 0.5651709401709402 0.201329534662868 0.5897435897435898 0.201329534662868 0.5897435897435898 0.26590693257359926 0.5651709401709402 0.26590693257359926
