1 0.29273504273504275 0.35707502374169037 0.30982905982905984 0.35707502374169037 0.30982905982905984 0.4292497625830959 0.29273504273504275 0.4292497625830959
1 0.3568376068376068 0.26590693257359926 0.3760683760683761 0.26590693257359926 0.3760683760683761 0.32288698955365625 0.3568376068376068 0.32288698955365625
1 0.28739316239316237 0.21652421652421652 0.30235042735042733 0.21652421652421652 0.30235042735042733 0.26970560303893637 0.28739316239316237 0.26970560303893637
1 0.4423076923076923 0.19753086419753085 0.4551282051282051 0.19753086419753085 0.4551282051282051 0.2526115859449193 0.4423076923076923 0.2526115859449193
1 0.7243589743589743 0.2849002849002849 0.7403846153846154 0.2849002849002849 0.7403846153846154 0.35517568850902187 0.7243589743589743 0.35517568850902187
0 0.4455128205128205 0.26020892687559355 0.46688034188034183 0.26020892687559355 0.46688034188034183 0.3285849952516619 0.4455128205128205 0.3285849952516619
0 0.35256410256410253 0.21652421652421652 0.3824786324786324 0.21652421652421652 0.3824786324786324 0.25451092117758783 0.35256410256410253 0.25451092117758783
0 0.3055555555555556 0.2526115859449193 0.32799145299145305 0.2526115859449193 0.32799145299145305 0.31718898385565053 0.3055555555555556 0.31718898385565053
0 0.2916666666666667 0.27350427350427353 0.3108974358974359 0.27350427350427353 0.3108974358974359 0.3399810066476734 0.2916666666666667 0.3399810066476734
0 0.27136752136752135 0.288698955365622 0.28952991452991456 0.288698955365622 0.28952991452991456 0.35517568850902187 0.27136752136752135 0.35517568850902187
0 0.22115384615384615 0.2792022792022792 0.24145299145299146 0.2792022792022792 0.24145299145299146 0.3228869895536563 0.22115384615384615 0.3228869895536563
