2 0.020029673590504452 0.47774480712166173 0.0517433234421365 0.47774480712166173 0.0517433234421365 0.6142433234421366 0.020029673590504452 0.6142433234421366
0 0.7627967359050445 0.2789317507418398 0.7928412462908012 0.2789317507418398 0.7928412462908012 0.38278931750741835 0.7627967359050445 0.38278931750741835
1 0.6676557863501484 0.47181008902077154 0.7227373887240355 0.47181008902077154 0.7227373887240355 0.6824925816023739 0.6676557863501484 0.6824925816023739
1 0.7995178041543027 0.6646884272997032 0.8479228486646886 0.6646884272997032 0.8479228486646886 0.8724035608308607 0.7995178041543027 0.8724035608308607
0 0.46568991097922846 0.7537091988130565 0.5341246290801186 0.7537091988130565 0.5341246290801186 0.8931750741839763 0.46568991097922846 0.8931750741839763
1 0.408939169139466 0.6468842729970327 0.4489985163204748 0.6468842729970327 0.4489985163204748 0.7922848664688428 0.408939169139466 0.7922848664688428
0 0.5040801186943621 0.35311572700296734 0.5307863501483678 0.35311572700296734 0.5307863501483678 0.49554896142433236 0.5040801186943621 0.49554896142433236
0 0.6025593471810089 0.2878338278931751 0.639280415430267 0.2878338278931751 0.639280415430267 0.44213649851632053 0.6025593471810089 0.44213649851632053
0 0.3004451038575668 0.3560830860534125 0.3455118694362017 0.3560830860534125 0.3455118694362017 0.456973293768546 0.3004451038575668 0.456973293768546
1 0.3588649851632047 0.5252225519287834 0.40727002967359044 0.5252225519287834 0.40727002967359044 0.7032640949554896 0.3588649851632047 0.7032640949554896
1 0.3955860534124629 0.5192878338278932 0.43898367952522255 0.5192878338278932 0.43898367952522255 0.6350148367952523 0.3955860534124629 0.6350148367952523
0 0.38390207715133534 0.44510385756676557 0.4289688427299703 0.44510385756676557 0.4289688427299703 0.5994065281899111 0.38390207715133534 0.5994065281899111
