0 0.29594017094017094 0.5944919278252612 0.3365384615384615 0.5944919278252612 0.3365384615384615 0.748338081671415 0.29594017094017094 0.748338081671415
0 0.3076923076923077 0.24501424501424504 0.33653846153846156 0.24501424501424504 0.33653846153846156 0.3437796771130105 0.3076923076923077 0.3437796771130105
1 0.4017094017094017 0.258309591642925 0.43696581196581197 0.258309591642925 0.43696581196581197 0.33048433048433046 0.4017094017094017 0.33048433048433046
0 0.3856837606837607 0.34947768281101615 0.422008547008547 0.34947768281101615 0.422008547008547 0.4539411206077873 0.3856837606837607 0.4539411206077873
0 0.6143162393162395 0.4311490978157645 0.652777777777778 0.4311490978157645 0.652777777777778 0.5527065527065527 0.6143162393162395 0.5527065527065527
1 0.4337606837606838 0.6419753086419753 0.4818376068376068 0.6419753086419753 0.4818376068376068 0.7635327635327634 0.4337606837606838 0.7635327635327634
1 0.8450854700854701 0.22792022792022792 0.8685897435897435 0.22792022792022792 0.8685897435897435 0.31908831908831914 0.8450854700854701 0.31908831908831914
1 0.594017094017094 0.2716049382716049 0.6164529914529915 0.2716049382716049 0.6164529914529915 0.34947768281101615 0.594017094017094 0.34947768281101615
0 0.592948717948718 0.21652421652421652 0.6260683760683762 0.21652421652421652 0.6260683760683762 0.2716049382716049 0.592948717948718 0.2716049382716049
1 0.967948717948718 0.5090218423551757 1.0 0.5090218423551757 1.0 0.6632165718622018 0.967948717948718 0.6632165718622018
