1 0.27564102564102566 0.4584304584304585 0.327991452991453 0.4584304584304585 0.327991452991453 0.5963480963480964 0.27564102564102566 0.5963480963480964
1 0.24145295675853745 0.2719502074889021 0.2767093612325388 0.2719502074889021 0.2767093612325388 0.40015591584635946 0.24145295675853745 0.40015591584635946
0 0.29273504273504275 0.34382284382284384 0.3344017094017094 0.34382284382284384 0.3344017094017094 0.4448329448329449 0.29273504273504275 0.4448329448329449
0 0.30235042735042733 0.27389277389277394 0.3418803418803419 0.27389277389277394 0.3418803418803419 0.337995337995338 0.30235042735042733 0.337995337995338
0 0.3653846153846153 0.3321678321678322 0.3995726495726496 0.3321678321678322 0.3995726495726496 0.4195804195804197 0.3653846153846153 0.4195804195804197
0 0.6196581196581197 0.22533022533022534 0.6634615384615384 0.22533022533022534 0.6634615384615384 0.35159285159285164 0.6196581196581197 0.35159285159285164
1 0.6666666666666665 0.24281274281274284 0.7061965811965811 0.24281274281274284 0.7061965811965811 0.3885003885003886 0.6666666666666665 0.3885003885003886
1 0.9433760683760685 0.28943278943278944 0.9967948717948719 0.28943278943278944 0.9967948717948719 0.4448329448329449 0.9433760683760685 0.4448329448329449
0 0.9017094017094017 0.16899766899766902 0.9455128205128205 0.16899766899766902 0.9455128205128205 0.29331779331779334 0.9017094017094017 0.29331779331779334
1 0.2777777777777778 0.36130536130536134 0.2831196581196581 0.36130536130536134 0.2831196581196581 0.40209790209790214 0.2777777777777778 0.40209790209790214
