0 0.25 0.26400759734093066 0.27350427350427353 0.26400759734093066 0.27350427350427353 0.3342830009496676 0.25 0.3342830009496676
0 0.2980769230769231 0.201329534662868 0.32585470085470086 0.201329534662868 0.32585470085470086 0.2773029439696106 0.2980769230769231 0.2773029439696106
1 0.3365384615384615 0.18043684710351374 0.3536324786324786 0.18043684710351374 0.3536324786324786 0.2336182336182336 0.3365384615384615 0.2336182336182336
0 0.38675213675213677 0.18993352326685659 0.4081196581196581 0.18993352326685659 0.4081196581196581 0.26970560303893637 0.38675213675213677 0.26970560303893637
0 0.4284188034188034 0.17663817663817663 0.4572649572649573 0.17663817663817663 0.4572649572649573 0.24501424501424504 0.4284188034188034 0.24501424501424504
1 0.610042735042735 0.2564102564102564 0.6260683760683761 0.2564102564102564 0.6260683760683761 0.3114909781576448 0.610042735042735 0.3114909781576448
1 0.7585470085470085 0.31718898385565053 0.7852564102564102 0.31718898385565053 0.7852564102564102 0.4045584045584046 0.7585470085470085 0.4045584045584046
1 0.7008547008547008 0.21652421652421652 0.7211538461538463 0.21652421652421652 0.7211538461538463 0.2981956315289649 0.7008547008547008 0.2981956315289649
1 0.6858974358974359 0.18043684710351374 0.7094017094017093 0.18043684710351374 0.7094017094017093 0.2336182336182336 0.6858974358974359 0.2336182336182336
0 0.6634615384615384 0.17663817663817663 0.6816239316239316 0.17663817663817663 0.6816239316239316 0.23361823361823364 0.6634615384615384 0.23361823361823364
