1 0.5213675213675214 0.4045584045584046 0.5512820512820513 0.4045584045584046 0.5512820512820513 0.5261158594491928 0.5213675213675214 0.5261158594491928
0 0.31517094017094016 0.3285849952516619 0.35470085470085466 0.3285849952516619 0.35470085470085466 0.39506172839506176 0.31517094017094016 0.39506172839506176
0 0.27564102564102566 0.22792022792022792 0.297008547008547 0.22792022792022792 0.297008547008547 0.3437796771130105 0.27564102564102566 0.3437796771130105
0 0.1282051282051282 0.2336182336182336 0.1581196581196581 0.2336182336182336 0.1581196581196581 0.31718898385565053 0.1282051282051282 0.31718898385565053
0 0.2841880341880342 0.1462488129154796 0.30235042735042733 0.1462488129154796 0.30235042735042733 0.20322886989553654 0.2841880341880342 0.20322886989553654
1 0.3076923076923077 0.13865147198480532 0.32264957264957267 0.13865147198480532 0.32264957264957267 0.19753086419753085 0.3076923076923077 0.19753086419753085
0 0.33974358974358976 0.19373219373219372 0.3547008547008547 0.19373219373219372 0.3547008547008547 0.258309591642925 0.33974358974358976 0.258309591642925
1 0.36217948717948717 0.1557454890788224 0.3803418803418804 0.1557454890788224 0.3803418803418804 0.23741690408357075 0.36217948717948717 0.23741690408357075
0 0.5769230769230769 0.18993352326685659 0.6004273504273504 0.18993352326685659 0.6004273504273504 0.2488129154795821 0.5769230769230769 0.2488129154795821
1 0.6014957264957265 0.23551756885090222 0.6207264957264957 0.23551756885090222 0.6207264957264957 0.30959164292497626 0.6014957264957265 0.30959164292497626
1 0.622863247863248 0.2070275403608737 0.6420940170940173 0.2070275403608737 0.6420940170940173 0.2526115859449193 0.622863247863248 0.2526115859449193
