1 0.4423076923076923 0.4121557454890788 0.4732905982905983 0.4121557454890788 0.4732905982905983 0.4976258309591642 0.4423076923076923 0.4976258309591642
0 0.4198717948717949 0.49952516619183285 0.45299145299145305 0.49952516619183285 0.45299145299145305 0.6419753086419753 0.4198717948717949 0.6419753086419753
0 0.1997863247863248 0.33998100664767333 0.24465811965811965 0.33998100664767333 0.24465811965811965 0.42355175688509017 0.1997863247863248 0.42355175688509017
0 0.8557692307692306 0.45963912630579296 0.8835470085470085 0.45963912630579296 0.8835470085470085 0.5470085470085471 0.8557692307692306 0.5470085470085471
1 0.8344017094017094 0.3950617283950617 0.875 0.3950617283950617 0.875 0.4520417853751187 0.8344017094017094 0.4520417853751187
1 0.7596149740643462 0.3057932742671966 0.786324375773748 0.3057932742671966 0.786324375773748 0.39316269496995065 0.7596149740643462 0.39316269496995065
0 0.6891025641025641 0.301994301994302 0.7083333333333335 0.301994301994302 0.7083333333333335 0.37226970560303896 0.6891025641025641 0.37226970560303896
1 0.6955128552072745 0.23171896305861314 0.7190171287115479 0.23171896305861314 0.7190171287115479 0.2962963609693444 0.6955128552072745 0.2962963609693444
1 0.641025641025641 0.2488129154795821 0.6645299145299145 0.2488129154795821 0.6645299145299145 0.32478632478632474 0.641025641025641 0.32478632478632474
1 0.9423076923076923 0.4311490978157645 0.9743589743589743 0.4311490978157645 0.9743589743589743 0.520417853751187 0.9423076923076923 0.520417853751187
