0 0.2489316239316239 0.2792022792022792 0.27350427350427353 0.2792022792022792 0.27350427350427353 0.35327635327635326 0.2489316239316239 0.35327635327635326
0 0.38782051282051283 0.3646723646723647 0.4198717948717949 0.3646723646723647 0.4198717948717949 0.4463437796771131 0.38782051282051283 0.4463437796771131
1 0.41773504273504275 0.4406457739791073 0.4487179487179488 0.4406457739791073 0.4487179487179488 0.5394112060778727 0.41773504273504275 0.5394112060778727
0 0.6591880341880342 0.3950617283950617 0.69017094017094 0.3950617283950617 0.69017094017094 0.47293447293447294 0.6591880341880342 0.47293447293447294
0 0.6912393162393162 0.45584045584045585 0.7254273504273504 0.45584045584045585 0.7254273504273504 0.5527065527065527 0.6912393162393162 0.5527065527065527
1 0.6762820512820514 0.26020892687559355 0.6933760683760685 0.26020892687559355 0.6933760683760685 0.3304843304843305 0.6762820512820514 0.3304843304843305
1 0.7061965811965812 0.3703703703703704 0.7286324786324786 0.3703703703703704 0.7286324786324786 0.43684710351377026 0.7061965811965812 0.43684710351377026
1 0.8653846153846154 0.42924976258309594 0.8814102564102563 0.42924976258309594 0.8814102564102563 0.49952516619183285 0.8653846153846154 0.49952516619183285
1 0.8183760683760685 0.34947768281101615 0.844017094017094 0.34947768281101615 0.844017094017094 0.43304843304843305 0.8183760683760685 0.43304843304843305
1 0.7585470085470085 0.2336182336182336 0.782051282051282 0.2336182336182336 0.782051282051282 0.2792022792022792 0.7585470085470085 0.2792022792022792
0 0.8525641025641025 0.3608736942070275 0.8803418803418804 0.3608736942070275 0.8803418803418804 0.41595441595441596 0.8525641025641025 0.41595441595441596
