0 0.15064102564102563 0.20322886989553657 0.16987179487179488 0.20322886989553657 0.16987179487179488 0.2659069325735993 0.15064102564102563 0.2659069325735993
0 0.2297008547008547 0.18613485280151948 0.25213675213675213 0.18613485280151948 0.25213675213675213 0.24501424501424504 0.2297008547008547 0.24501424501424504
0 0.19871794871794873 0.16904083570750233 0.22115384615384615 0.16904083570750233 0.22115384615384615 0.22602089268755934 0.19871794871794873 0.22602089268755934
1 0.3472222222222222 0.16334283000949668 0.3653846153846153 0.16334283000949668 0.3653846153846153 0.22602089268755934 0.3472222222222222 0.22602089268755934
1 0.6217966122999781 0.1538460245000578 0.6410273815307473 0.1538460245000578 0.6410273815307473 0.19563139961876624 0.6217966122999781 0.19563139961876624
0 0.46581196581196577 0.16524216524216523 0.4893162393162393 0.16524216524216523 0.4893162393162393 0.22602089268755934 0.46581196581196577 0.22602089268755934
0 0.5459401709401709 0.12535612535612536 0.5662393162393163 0.12535612535612536 0.5662393162393163 0.16334283000949668 0.5459401709401709 0.16334283000949668
1 0.7115384615384616 0.17663817663817663 0.7297008547008547 0.17663817663817663 0.7297008547008547 0.2431149097815765 0.7115384615384616 0.2431149097815765
1 0.6677350427350427 0.12725546058879392 0.6837606837606837 0.12725546058879392 0.6837606837606837 0.1899335232668566 0.6677350427350427 0.1899335232668566
1 0.7606837606837605 0.22792022792022792 0.7841880341880341 0.22792022792022792 0.7841880341880341 0.28679962013295346 0.7606837606837605 0.28679962013295346
1 0.80982905982906 0.19373219373219372 0.8258547008547008 0.19373219373219372 0.8258547008547008 0.2640075973409307 0.80982905982906 0.2640075973409307
