1 0.14636752136752137 0.49339549339549343 0.19764957264957264 0.49339549339549343 0.19764957264957264 0.6604506604506605 0.14636752136752137 0.6604506604506605
2 0.19123931623931623 0.709013209013209 0.23183760683760685 0.709013209013209 0.23183760683760685 0.9090909090909093 0.19123931623931623 0.9090909090909093
1 0.7489316239316239 0.5788655788655789 0.8023504273504273 0.5788655788655789 0.8023504273504273 0.7439782439782441 0.7489316239316239 0.7439782439782441
1 0.9166666666666664 0.2777777777777778 0.9529914529914528 0.2777777777777778 0.9529914529914528 0.42152292152292153 0.9166666666666664 0.42152292152292153
0 0.5918803418803419 0.25641025641025644 0.6217948717948719 0.25641025641025644 0.6217948717948719 0.34965034965034963 0.5918803418803419 0.34965034965034963
0 0.469017094017094 0.26612276612276614 0.5117521367521367 0.26612276612276614 0.5117521367521367 0.3826728826728827 0.469017094017094 0.3826728826728827
0 0.5096153846153846 0.21561771561771567 0.5459401709401709 0.21561771561771567 0.5459401709401709 0.3341103341103342 0.5096153846153846 0.3341103341103342
1 0.5576923076923077 0.22727272727272727 0.5886752136752136 0.22727272727272727 0.5886752136752136 0.33216783216783213 0.5576923076923077 0.33216783216783213
1 0.37393162393162394 0.21950271950271952 0.405982905982906 0.21950271950271952 0.405982905982906 0.3127428127428128 0.37393162393162394 0.3127428127428128
0 0.10897435897435899 0.3593628593628594 0.1485042735042735 0.3593628593628594 0.1485042735042735 0.48756798756798764 0.10897435897435899 0.48756798756798764
0 0.15491452991452992 0.3885003885003886 0.19337606837606838 0.3885003885003886 0.19337606837606838 0.48756798756798764 0.15491452991452992 0.48756798756798764
