0 0.8395771513353116 0.48071216617210677 0.8879821958456974 0.48071216617210677 0.8879821958456974 0.6350148367952523 0.8395771513353116 0.6350148367952523
0 0.594213649851632 0.7210682492581604 0.6492952522255193 0.7210682492581604 0.6492952522255193 0.8991097922848663 0.594213649851632 0.8991097922848663
1 0.5341246290801187 0.4629080118694362 0.5825296735905046 0.4629080118694362 0.5825296735905046 0.5875370919881305 0.5341246290801187 0.5875370919881305
2 0.3638724035608309 0.29080118694362017 0.39391691394658757 0.29080118694362017 0.39391691394658757 0.4094955489614243 0.3638724035608309 0.4094955489614243
2 0.2353486646884273 0.5578635014836796 0.26205489614243327 0.5578635014836796 0.26205489614243327 0.7002967359050445 0.2353486646884273 0.7002967359050445
1 0.1952893175074184 0.5667655786350149 0.22867210682492584 0.5667655786350149 0.22867210682492584 0.7240356083086054 0.1952893175074184 0.7240356083086054
1 0.28375370919881304 0.5192878338278932 0.3137982195845697 0.5192878338278932 0.3137982195845697 0.6498516320474778 0.28375370919881304 0.6498516320474778
1 0.29043026706231456 0.45103857566765576 0.337166172106825 0.45103857566765576 0.337166172106825 0.5370919881305638 0.29043026706231456 0.5370919881305638
1 0.36053412462908013 0.5519287833827893 0.4089391691394659 0.5519287833827893 0.4089391691394659 0.6824925816023738 0.36053412462908013 0.6824925816023738
0 0.33215875370919884 0.652818991097923 0.3772255192878339 0.652818991097923 0.3772255192878339 0.7655786350148369 0.33215875370919884 0.7655786350148369
0 0.31880563798219586 0.543026706231454 0.3588649851632047 0.543026706231454 0.3588649851632047 0.6884272997032642 0.31880563798219586 0.6884272997032642
1 0.22366468842729975 0.41839762611275966 0.2704005934718101 0.41839762611275966 0.2704005934718101 0.5192878338278932 0.22366468842729975 0.5192878338278932
