0 0.5844022818601995 0.345679012345679 0.6100433075012252 0.345679012345679 0.6100433075012252 0.4178537511870845 0.5844022818601995 0.4178537511870845
1 0.469017094017094 0.3475783475783476 0.49679487179487186 0.3475783475783476 0.49679487179487186 0.4102564102564103 0.469017094017094 0.4102564102564103
0 0.6079059829059829 0.4615384615384615 0.6420940170940171 0.4615384615384615 0.6420940170940171 0.5754985754985755 0.6079059829059829 0.5754985754985755
0 0.5566239316239316 0.2962962962962963 0.5769230769230769 0.2962962962962963 0.5769230769230769 0.37416904083570757 0.5566239316239316 0.37416904083570757
0 0.31303416490455205 0.258309591642925 0.3386751905455777 0.258309591642925 0.3386751905455777 0.32858499525166185 0.31303416490455205 0.32858499525166185
1 0.75 0.35327635327635326 0.7702991452991453 0.35327635327635326 0.7702991452991453 0.4254510921177588 0.75 0.4254510921177588
1 0.688034188034188 0.30959164292497626 0.7158119658119658 0.30959164292497626 0.7158119658119658 0.3912630579297246 0.688034188034188 0.3912630579297246
1 0.7147435897435898 0.24691358024691354 0.7307692307692306 0.24691358024691354 0.7307692307692306 0.33048433048433046 0.7147435897435898 0.33048433048433046
0 0.8856837606837605 0.41025641025641024 0.9241452991452992 0.41025641025641024 0.9241452991452992 0.49952516619183285 0.8856837606837605 0.49952516619183285
1 0.9487179487179486 0.37606837606837606 0.9786324786324786 0.37606837606837606 0.9786324786324786 0.4558404558404558 0.9487179487179486 0.4558404558404558
1 0.7927350427350427 0.2127255460588794 0.8205128205128205 0.2127255460588794 0.8205128205128205 0.2792022792022792 0.7927350427350427 0.2792022792022792
