0 0.15491454726175688 0.3152897564113954 0.18589745324466284 0.3152897564113954 0.18589745324466284 0.40835718281215516 0.15491454726175688 0.40835718281215516
1 0.3920940170940171 0.33238366571699907 0.42200854700854695 0.33238366571699907 0.42200854700854695 0.4178537511870845 0.3920940170940171 0.4178537511870845
0 0.5502136752136753 0.4634377967711301 0.5769230769230769 0.4634377967711301 0.5769230769230769 0.5944919278252612 0.5502136752136753 0.5944919278252612
1 0.6014957264957265 0.2336182336182336 0.6196581196581197 0.2336182336182336 0.6196581196581197 0.3057929724596391 0.6014957264957265 0.3057929724596391
0 0.6634615384615384 0.2678062678062678 0.6773504273504275 0.2678062678062678 0.6773504273504275 0.32478632478632474 0.6634615384615384 0.32478632478632474
1 0.7361111111111112 0.26970560303893637 0.7532051282051282 0.26970560303893637 0.7532051282051282 0.34188034188034183 0.7361111111111112 0.34188034188034183
0 0.9038461538461539 0.345679012345679 0.9241452991452993 0.345679012345679 0.9241452991452993 0.41215574548907885 0.9038461538461539 0.41215574548907885
1 0.9273504273504274 0.3608736942070275 0.9551282051282051 0.3608736942070275 0.9551282051282051 0.4292497625830959 0.9273504273504274 0.4292497625830959
1 0.907051282051282 0.4254510921177588 0.9252136752136751 0.4254510921177588 0.9252136752136751 0.49952516619183285 0.907051282051282 0.49952516619183285
0 0.9273503984383822 0.46913575935377044 0.9561965522845361 0.46913575935377044 0.9561965522845361 0.5337131572645016 0.9273503984383822 0.5337131572645016
1 0.657051282051282 0.2374169040835707 0.6762820512820513 0.2374169040835707 0.6762820512820513 0.27540360873694203 0.657051282051282 0.27540360873694203
