0 0.16239316239316237 0.26020892687559355 0.19444444444444448 0.26020892687559355 0.19444444444444448 0.3570750237416904 0.16239316239316237 0.3570750237416904
0 0.23290598290598288 0.1557454890788224 0.26495726495726496 0.1557454890788224 0.26495726495726496 0.21462488129154797 0.23290598290598288 0.21462488129154797
1 0.2777777777777778 0.13865147198480532 0.2938034188034188 0.13865147198480532 0.2938034188034188 0.18613485280151948 0.2777777777777778 0.18613485280151948
0 0.3173076923076923 0.18043684710351374 0.33226495726495725 0.18043684710351374 0.33226495726495725 0.26590693257359926 0.3173076923076923 0.26590693257359926
0 0.344017094017094 0.24691358024691354 0.3771367521367522 0.24691358024691354 0.3771367521367522 0.33048433048433046 0.344017094017094 0.33048433048433046
1 0.4027777777777778 0.1842355175688509 0.4326923076923077 0.1842355175688509 0.4326923076923077 0.22412155745489085 0.4027777777777778 0.22412155745489085
1 0.46047008547008544 0.19373219373219372 0.48717948717948717 0.19373219373219372 0.48717948717948717 0.24501424501424504 0.46047008547008544 0.24501424501424504
0 0.5277777777777778 0.17663817663817663 0.5470085470085471 0.17663817663817663 0.5470085470085471 0.23551756885090222 0.5277777777777778 0.23551756885090222
1 0.6164529914529915 0.31339031339031337 0.6485042735042735 0.31339031339031337 0.6485042735042735 0.4007597340930674 0.6164529914529915 0.4007597340930674
1 0.6762820512820515 0.19563152896486227 0.6965812197108325 0.19563152896486227 0.6965812197108325 0.27160493827160487 0.6762820512820515 0.27160493827160487
