0 0.19230769230769235 0.2526115859449193 0.21260683760683763 0.2526115859449193 0.21260683760683763 0.33618233618233617 0.19230769230769235 0.33618233618233617
0 0.2532051282051282 0.16144349477682812 0.27350427350427353 0.16144349477682812 0.27350427350427353 0.2070275403608737 0.2532051282051282 0.2070275403608737
0 0.3269230769230769 0.18993352326685659 0.35363247863247865 0.18993352326685659 0.35363247863247865 0.27920227920227914 0.3269230769230769 0.27920227920227914
0 0.373931623931624 0.2488129154795821 0.4017094017094018 0.2488129154795821 0.4017094017094018 0.3133903133903133 0.373931623931624 0.3133903133903133
1 0.4423076749604654 0.18233611766313434 0.4636752136752138 0.18233611766313434 0.4636752136752138 0.23171889838556506 0.4423076749604654 0.23171889838556506
1 0.49572649572649574 0.19943019943019943 0.5363247863247863 0.19943019943019943 0.5363247863247863 0.26210826210826205 0.49572649572649574 0.26210826210826205
0 0.5502136752136753 0.1956315289648623 0.5694444444444445 0.1956315289648623 0.5694444444444445 0.25071225071225073 0.5502136752136753 0.25071225071225073
1 0.6442307692307694 0.32288698955365625 0.6666666666666665 0.32288698955365625 0.6666666666666665 0.41025641025641024 0.6442307692307694 0.41025641025641024
1 0.6955128205128205 0.2070275403608737 0.7200854700854701 0.2070275403608737 0.7200854700854701 0.26970560303893637 0.6955128205128205 0.26970560303893637
1 0.27884615384615385 0.13295346628679963 0.3098290598290598 0.13295346628679963 0.3098290598290598 0.18423551756885087 0.27884615384615385 0.18423551756885087
