0 0.1318620178041543 0.3857566765578635 0.17692878338278933 0.3857566765578635 0.17692878338278933 0.5222551928783383 0.1318620178041543 0.5222551928783383
0 0.22199554896142434 0.43620178041543023 0.2720697329376855 0.43620178041543023 0.2720697329376855 0.5459940652818991 0.22199554896142434 0.5459940652818991
0 0.544139465875371 0.34718100890207715 0.6109050445103857 0.34718100890207715 0.6109050445103857 0.48367952522255203 0.544139465875371 0.48367952522255203
1 0.2470326409495549 0.43026706231454015 0.3121290801186944 0.43026706231454015 0.3121290801186944 0.5578635014836796 0.2470326409495549 0.5578635014836796
1 0.26706231454005935 0.3056379821958457 0.2987759643916914 0.3056379821958457 0.2987759643916914 0.41246290801186947 0.26706231454005935 0.41246290801186947
0 0.2870919881305638 0.32344213649851633 0.3321587537091988 0.32344213649851633 0.3321587537091988 0.43620178041543023 0.2870919881305638 0.43620178041543023
1 0.665986646884273 0.3026706231454006 0.7227373887240355 0.3026706231454006 0.7227373887240355 0.43026706231454004 0.665986646884273 0.43026706231454004
0 0.6376112759643917 0.7418397626112759 0.7010385756676557 0.7418397626112759 0.7010385756676557 0.8813056379821959 0.6376112759643917 0.8813056379821959
1 0.7627967359050445 0.8308605341246291 0.8545994065281899 0.8308605341246291 0.8545994065281899 0.9821958456973294 0.7627967359050445 0.9821958456973294
0 0.8612759643916913 0.44510385756676557 0.9297106824925816 0.44510385756676557 0.9297106824925816 0.5727002967359051 0.8612759643916913 0.5727002967359051
1 0.9564169139465875 0.3857566765578635 0.9998145400593472 0.3857566765578635 0.9998145400593472 0.5400593471810089 0.9564169139465875 0.5400593471810089
2 0.0 0.5292581620485209 0.023367952522255195 0.5292581620485209 0.023367952522255195 0.6587537091988129 0.0 0.6587537091988129
