0 0.12179487179487179 0.3627730294396961 0.1485042735042735 0.3627730294396961 0.1485042735042735 0.4577397910731244 0.12179487179487179 0.4577397910731244
0 0.2767094017094017 0.20322886989553657 0.3012820512820512 0.20322886989553657 0.3012820512820512 0.2697056030389364 0.2767094017094017 0.2697056030389364
0 0.2297008547008547 0.19183285849952514 0.24786324786324787 0.19183285849952514 0.24786324786324787 0.26400759734093066 0.2297008547008547 0.26400759734093066
1 0.31837606837606836 0.1728395061728395 0.3322649572649573 0.1728395061728395 0.3322649572649573 0.24881291547958215 0.31837606837606836 0.24881291547958215
0 0.532051282051282 0.16334283000949668 0.5480769230769231 0.16334283000949668 0.5480769230769231 0.20892687559354226 0.532051282051282 0.20892687559354226
0 0.40705128205128205 0.11775878442545111 0.42735042735042733 0.11775878442545111 0.42735042735042733 0.1671415004748338 0.40705128205128205 0.1671415004748338
0 0.44764957264957267 0.1291547958214625 0.4658119658119658 0.1291547958214625 0.4658119658119658 0.1899335232668566 0.44764957264957267 0.1899335232668566
1 0.6773504273504274 0.22981956315289648 0.7008547008547007 0.22981956315289648 0.7008547008547007 0.28679962013295346 0.6773504273504274 0.28679962013295346
1 0.42735042735042733 0.11396011396011396 0.4423076923076923 0.11396011396011396 0.4423076923076923 0.17663817663817663 0.42735042735042733 0.17663817663817663
1 0.8621794871794873 0.26970560303893637 0.8952991452991453 0.26970560303893637 0.8952991452991453 0.3570750237416904 0.8621794871794873 0.3570750237416904
