1 0.6492952522255193 0.3857566765578635 0.670994065281899 0.3857566765578635 0.670994065281899 0.5192878338278932 0.6492952522255193 0.5192878338278932
1 0.6092359050445104 0.3649851632047478 0.6326038575667656 0.3649851632047478 0.6326038575667656 0.48071216617210677 0.6092359050445104 0.48071216617210677
1 0.5691765578635015 0.3353115727002967 0.589206231454006 0.3353115727002967 0.589206231454006 0.49554896142433236 0.5691765578635015 0.49554896142433236
1 0.589206231454006 0.3293768545994065 0.6109050445103857 0.3293768545994065 0.6109050445103857 0.44510385756676557 0.589206231454006 0.44510385756676557
0 0.8545994065281899 0.5756676557863502 0.9113501483679526 0.5756676557863502 0.9113501483679526 0.7299703264094956 0.8545994065281899 0.7299703264094956
0 0.899666172106825 0.44510385756676557 0.9380563798219586 0.44510385756676557 0.9380563798219586 0.5875370919881305 0.899666172106825 0.5875370919881305
2 0.4256305637982195 0.3086053412462908 0.46735905044510384 0.3086053412462908 0.46735905044510384 0.41543026706231456 0.4256305637982195 0.41543026706231456
2 0.3655415430267063 0.6172106824925816 0.40727002967359044 0.6172106824925816 0.40727002967359044 0.7477744807121662 0.3655415430267063 0.7477744807121662
2 0.27874629080118696 0.7181008902077152 0.3204747774480713 0.7181008902077152 0.3204747774480713 0.8842729970326408 0.27874629080118696 0.8842729970326408
1 0.26706231454005935 0.3679525222551929 0.30211424332344217 0.3679525222551929 0.30211424332344217 0.5252225519287835 0.26706231454005935 0.5252225519287835
0 0.07678041543026706 0.41543026706231456 0.11683976261127596 0.41543026706231456 0.11683976261127596 0.5459940652818991 0.07678041543026706 0.5459940652818991
