0 0.13141025641025642 0.35742035742035744 0.17094017094017092 0.35742035742035744 0.17094017094017092 0.473970473970474 0.13141025641025642 0.473970473970474
1 0.13034188034188035 0.5477855477855479 0.19017094017094016 0.5477855477855479 0.19017094017094016 0.7400932400932402 0.13034188034188035 0.7400932400932402
0 0.172008547008547 0.37878787878787884 0.19444444444444448 0.37878787878787884 0.19444444444444448 0.5303030303030304 0.172008547008547 0.5303030303030304
1 0.3365384615384615 0.23310023310023312 0.3696581196581196 0.23310023310023312 0.3696581196581196 0.34770784770784774 0.3365384615384615 0.34770784770784774
0 0.44123931623931617 0.2505827505827506 0.4914529914529913 0.2505827505827506 0.4914529914529913 0.36519036519036524 0.44123931623931617 0.36519036519036524
0 0.5117521367521367 0.20202020202020202 0.5438034188034188 0.20202020202020202 0.5438034188034188 0.2855477855477856 0.5117521367521367 0.2855477855477856
1 0.5512820512820518 0.20396270396270405 0.5844015359294398 0.20396270396270405 0.5844015359294398 0.35742035742035755 0.5512820512820518 0.35742035742035755
1 0.7158119658119658 0.5710955710955712 0.7660256410256411 0.5710955710955712 0.7660256410256411 0.7556332556332557 0.7158119658119658 0.7556332556332557
1 0.8824786324786323 0.29331779331779334 0.9305555555555554 0.29331779331779334 0.9305555555555554 0.4467754467754468 0.8824786324786323 0.4467754467754468
0 0.594017094017094 0.19813519813519817 0.6196581196581197 0.19813519813519817 0.6196581196581197 0.3574203574203575 0.594017094017094 0.3574203574203575
