0 0.0641025641025641 0.2374169040835707 0.0844017094017094 0.2374169040835707 0.0844017094017094 0.3133903133903133 0.0641025641025641 0.3133903133903133
0 0.23076923076923075 0.24501424501424504 0.26282051282051283 0.24501424501424504 0.26282051282051283 0.34947768281101615 0.23076923076923075 0.34947768281101615
0 0.2553418803418803 0.14245014245014245 0.2745726495726496 0.14245014245014245 0.2745726495726496 0.21652421652421652 0.2553418803418803 0.21652421652421652
1 0.28525641025641024 0.14055080721747387 0.30341880341880334 0.14055080721747387 0.30341880341880334 0.20322886989553657 0.28525641025641024 0.20322886989553657
0 0.3418803418803419 0.16334283000949668 0.3579059829059829 0.16334283000949668 0.3579059829059829 0.2127255460588794 0.3418803418803419 0.2127255460588794
1 0.3931623931623932 0.16524216524216523 0.4113247863247863 0.16524216524216523 0.4113247863247863 0.22981956315289645 0.3931623931623932 0.22981956315289645
0 0.41666666666666674 0.15954415954415954 0.4401709401709402 0.15954415954415954 0.4401709401709402 0.22602089268755934 0.41666666666666674 0.22602089268755934
0 0.4829059829059829 0.2792022792022792 0.5149572649572649 0.2792022792022792 0.5149572649572649 0.345679012345679 0.4829059829059829 0.345679012345679
1 0.6239316239316239 0.33998100664767333 0.6495726495726496 0.33998100664767333 0.6495726495726496 0.4254510921177587 0.6239316239316239 0.4254510921177587
1 0.6602564102564102 0.19943019943019943 0.6816239316239316 0.19943019943019943 0.6816239316239316 0.26400759734093066 0.6602564102564102 0.26400759734093066
