0 0.14102564102564102 0.3418803418803419 0.21047008547008547 0.3418803418803419 0.21047008547008547 0.48368298368298374 0.14102564102564102 0.48368298368298374
0 0.2190170535402312 0.5516701971330179 0.2777777777777778 0.5516701971330179 0.2777777777777778 0.6934730645504538 0.2190170535402312 0.6934730645504538
0 0.3493589743589743 0.36519036519036524 0.40064102564102566 0.36519036519036524 0.40064102564102566 0.5536130536130538 0.3493589743589743 0.5536130536130538
2 0.3920940170940171 0.7245532245532246 0.4465811965811966 0.7245532245532246 0.4465811965811966 0.9634809634809636 0.3920940170940171 0.9634809634809636
1 0.5064102564102564 0.5205905205905207 0.5651709401709402 0.5205905205905207 0.5651709401709402 0.7575757575757577 0.5064102564102564 0.7575757575757577
0 0.5683760683760684 0.33022533022533024 0.6068376068376068 0.33022533022533024 0.6068376068376068 0.4662004662004662 0.5683760683760684 0.4662004662004662
0 0.6923076923076923 0.38655788655788664 0.7553418803418804 0.38655788655788664 0.7553418803418804 0.5827505827505828 0.6923076923076923 0.5827505827505828
0 0.7809829059829057 0.2466977466977468 0.8247863247863243 0.2466977466977468 0.8247863247863243 0.40598197129304253 0.7809829059829057 0.40598197129304253
1 0.9305555555555556 0.18295168043016555 1.0 0.18295168043016555 1.0 0.35742035742035744 0.9305555555555556 0.35742035742035744
1 0.7745726495726495 0.41958041958041953 0.8504274718579392 0.41958041958041953 0.8504274718579392 0.47008498662519566 0.7745726495726495 0.47008498662519566
