0 0.16858308605341246 0.3353115727002967 0.21531899109792282 0.3353115727002967 0.21531899109792282 0.47181008902077154 0.16858308605341246 0.47181008902077154
2 0.07678041543026706 0.2789317507418398 0.10682492581602374 0.2789317507418398 0.10682492581602374 0.3946587537091988 0.07678041543026706 0.3946587537091988
2 0.10515578635014837 0.8160237388724034 0.16023738872403565 0.8160237388724034 0.16023738872403565 0.9851632047477745 0.10515578635014837 0.9851632047477745
1 0.48405044510385753 0.47181008902077154 0.5274480712166172 0.47181008902077154 0.5274480712166172 0.6231454005934718 0.48405044510385753 0.6231454005934718
0 0.6826780415430267 0.35311572700296734 0.7294139465875371 0.35311572700296734 0.7294139465875371 0.4985163204747774 0.6826780415430267 0.4985163204747774
0 0.8746290801186944 0.5044510385756676 0.9313798219584571 0.5044510385756676 0.9313798219584571 0.6409495548961425 0.8746290801186944 0.6409495548961425
0 0.9347181008902078 0.5133531157270029 0.9747774480712167 0.5133531157270029 0.9747774480712167 0.6142433234421366 0.9347181008902078 0.6142433234421366
1 0.4373145400593472 0.32344213649851633 0.4606824925816023 0.32344213649851633 0.4606824925816023 0.41543026706231456 0.4373145400593472 0.41543026706231456
1 0.39725519287833827 0.26112759643916916 0.4206231454005935 0.26112759643916916 0.4206231454005935 0.38278931750741846 0.39725519287833827 0.38278931750741846
1 0.41895400593471804 0.258160237388724 0.4506676557863501 0.258160237388724 0.4506676557863501 0.34718100890207715 0.41895400593471804 0.34718100890207715
0 0.0016691394658753709 0.3560830860534125 0.05007418397626112 0.3560830860534125 0.05007418397626112 0.49851632047477745 0.0016691394658753709 0.49851632047477745
