1 0.4391025294081102 0.40075971253538467 0.45512817043375114 0.40075971253538467 0.45512817043375114 0.5071224855648243 0.4391025294081102 0.5071224855648243
0 0.28739316239316237 0.2564102564102564 0.30235042735042733 0.2564102564102564 0.30235042735042733 0.3247863247863248 0.28739316239316237 0.3247863247863248
0 0.4412393162393162 0.33618233618233617 0.469017094017094 0.33618233618233617 0.469017094017094 0.38746438746438744 0.4412393162393162 0.38746438746438744
0 0.6217948717948718 0.3817663817663818 0.6527777777777779 0.3817663817663818 0.6527777777777779 0.4615384615384615 0.6217948717948718 0.4615384615384615
0 0.6655982905982906 0.45014245014245013 0.6976495726495725 0.45014245014245013 0.6976495726495725 0.5527065527065527 0.6655982905982906 0.5527065527065527
1 0.6858974358974359 0.35707502374169037 0.7211538461538461 0.35707502374169037 0.7211538461538461 0.4292497625830959 0.6858974358974359 0.4292497625830959
1 0.6955128205128205 0.2526115859449193 0.7190170940170939 0.2526115859449193 0.7190170940170939 0.3190883190883191 0.6955128205128205 0.3190883190883191
1 0.7724358974358975 0.22412155745489082 0.798076923076923 0.22412155745489082 0.798076923076923 0.28679962013295346 0.7724358974358975 0.28679962013295346
1 0.8279914529914529 0.3836657169990503 0.8653846153846154 0.3836657169990503 0.8653846153846154 0.4615384615384615 0.8279914529914529 0.4615384615384615
1 0.872863247863248 0.32668566001899335 0.8856837606837609 0.32668566001899335 0.8856837606837609 0.415954415954416 0.872863247863248 0.415954415954416
0 0.9006410256410257 0.3931623931623932 0.9391025641025641 0.3931623931623932 0.9391025641025641 0.46533713200379867 0.9006410256410257 0.46533713200379867
