0 0.2638888888888889 0.40645773979107314 0.3034188034188034 0.40645773979107314 0.3034188034188034 0.486229819563153 0.2638888888888889 0.486229819563153
0 0.30128205128205127 0.30959164292497626 0.3205128205128205 0.30959164292497626 0.3205128205128205 0.3817663817663818 0.30128205128205127 0.3817663817663818
0 0.4017094017094017 0.258309591642925 0.4198717948717949 0.258309591642925 0.4198717948717949 0.32478632478632474 0.4017094017094017 0.32478632478632474
1 0.47115384615384615 0.2393162393162393 0.48931623931623935 0.2393162393162393 0.48931623931623935 0.30389363722697055 0.47115384615384615 0.30389363722697055
1 0.6527777777777779 0.2184235517568851 0.6698717948717949 0.2184235517568851 0.6698717948717949 0.2943969610636277 0.6527777777777779 0.2943969610636277
1 0.6965811965811965 0.26590693257359926 0.7126068376068376 0.26590693257359926 0.7126068376068376 0.32098765432098764 0.6965811965811965 0.32098765432098764
1 0.7467948717948718 0.2127255460588794 0.7692307692307694 0.2127255460588794 0.7692307692307694 0.26590693257359926 0.7467948717948718 0.26590693257359926
1 0.7970085470085471 0.22981956315289648 0.8205128205128205 0.22981956315289648 0.8205128205128205 0.3038936372269706 0.7970085470085471 0.3038936372269706
0 0.9166666319722129 0.4083570750237417 0.9348290251346061 0.4083570750237417 0.9348290251346061 0.48433048433048437 0.9166666319722129 0.48433048433048437
1 0.9487179487179486 0.4140550807217474 0.9764957264957264 0.4140550807217474 0.9764957264957264 0.48433048433048437 0.9487179487179486 0.48433048433048437
