0 0.1784188034188034 0.34377967711301044 0.21153846153846154 0.34377967711301044 0.21153846153846154 0.4501424501424501 0.1784188034188034 0.4501424501424501
0 0.2361111111111111 0.20512820512820512 0.26175213675213677 0.20512820512820512 0.26175213675213677 0.2905982905982906 0.2361111111111111 0.2905982905982906
0 0.30235042735042733 0.19183285849952514 0.33226495726495725 0.19183285849952514 0.33226495726495725 0.26970560303893637 0.30235042735042733 0.26970560303893637
1 0.327991452991453 0.16334283000949668 0.3493589743589743 0.16334283000949668 0.3493589743589743 0.24121557454890788 0.327991452991453 0.24121557454890788
0 0.4188034188034188 0.13675213675213677 0.43162393162393164 0.13675213675213677 0.43162393162393164 0.18613485280151948 0.4188034188034188 0.18613485280151948
1 0.43482905982905984 0.13105413105413105 0.4497863247863248 0.13105413105413105 0.4497863247863248 0.1899335232668566 0.43482905982905984 0.1899335232668566
1 0.5128205995566474 0.14814804035973478 0.523504325545954 0.14814804035973478 0.523504325545954 0.2108259521340187 0.5128205995566474 0.2108259521340187
0 0.5202991452991453 0.15194681861348527 0.5395299145299145 0.15194681861348527 0.5395299145299145 0.2070275403608737 0.5202991452991453 0.2070275403608737
1 0.6538461538461539 0.2488129154795821 0.6773504273504274 0.2488129154795821 0.6773504273504274 0.31149097815764476 0.6538461538461539 0.31149097815764476
1 0.8653846153846154 0.26590693257359926 0.8846153846153846 0.26590693257359926 0.8846153846153846 0.34377967711301044 0.8653846153846154 0.34377967711301044
