0 0.20085470085470086 0.26970560303893637 0.2297008547008547 0.26970560303893637 0.2297008547008547 0.35137701804368465 0.20085470085470086 0.35137701804368465
0 0.26282051282051283 0.157644824311491 0.28739316239316237 0.157644824311491 0.28739316239316237 0.22032288698955366 0.26282051282051283 0.22032288698955366
1 0.29594017094017094 0.13675213675213677 0.3173076923076923 0.13675213675213677 0.3173076923076923 0.19373219373219372 0.29594017094017094 0.19373219373219372
0 0.35256410256410253 0.18803418803418803 0.3803418803418804 0.18803418803418803 0.3803418803418804 0.26970560303893637 0.35256410256410253 0.26970560303893637
0 0.4081196581196581 0.23551756885090222 0.4305555555555555 0.23551756885090222 0.4305555555555555 0.315289648622982 0.4081196581196581 0.315289648622982
1 0.47756410256410253 0.18043684710351374 0.5085470085470085 0.18043684710351374 0.5085470085470085 0.23171889838556506 0.47756410256410253 0.23171889838556506
1 0.5416666666666666 0.19183285849952514 0.5758547008547008 0.19183285849952514 0.5758547008547008 0.2526115859449193 0.5416666666666666 0.2526115859449193
0 0.5908119658119658 0.19183285849952514 0.6111111111111112 0.19183285849952514 0.6111111111111112 0.2564102564102564 0.5908119658119658 0.2564102564102564
1 0.6784188034188035 0.31718898385565053 0.7083333333333335 0.31718898385565053 0.7083333333333335 0.41025641025641024 0.6784188034188035 0.41025641025641024
1 0.7136752136752136 0.2222222222222222 0.7425213675213675 0.2222222222222222 0.7425213675213675 0.30009496676163344 0.7136752136752136 0.30009496676163344
