1 0.13354700854700854 0.46620046620046623 0.19337606837606836 0.46620046620046623 0.19337606837606836 0.5866355866355867 0.13354700854700854 0.5866355866355867
0 0.31837606837606836 0.36519036519036524 0.3504273504273504 0.36519036519036524 0.3504273504273504 0.5264180264180265 0.31837606837606836 0.5264180264180265
0 0.3696581196581197 0.3243978243978244 0.39209401709401714 0.3243978243978244 0.39209401709401714 0.439005439005439 0.3696581196581197 0.439005439005439
0 0.40918803418803423 0.34382284382284384 0.4380341880341881 0.34382284382284384 0.4380341880341881 0.48562548562548574 0.40918803418803423 0.48562548562548574
1 0.4615384615384615 0.3205128205128205 0.5074786324786323 0.3205128205128205 0.5074786324786323 0.47785547785547794 0.4615384615384615 0.47785547785547794
0 0.5502136752136748 0.2972026682800575 0.5940170940170938 0.2972026682800575 0.5940170940170938 0.46231584908368184 0.5502136752136748 0.46231584908368184
1 0.6079059829059829 0.2874902874902875 0.6549145299145299 0.2874902874902875 0.6549145299145299 0.4195804195804197 0.6079059829059829 0.4195804195804197
0 0.844017094017094 0.27583527583527584 0.8814102564102564 0.27583527583527584 0.8814102564102564 0.4234654234654235 0.844017094017094 0.4234654234654235
0 0.888888888888889 0.3010878010878011 0.9326923076923078 0.3010878010878011 0.9326923076923078 0.44871794871794873 0.888888888888889 0.44871794871794873
1 0.9626068376068376 0.304972804972805 0.9946581196581198 0.304972804972805 0.9946581196581198 0.48368298368298374 0.9626068376068376 0.48368298368298374
