0 0.042735042735042736 0.21652421652421652 0.0641025641025641 0.21652421652421652 0.0641025641025641 0.3057929724596391 0.042735042735042736 0.3057929724596391
0 0.2104700854700855 0.24691358024691354 0.23504273504273504 0.24691358024691354 0.23504273504273504 0.33808167141500467 0.2104700854700855 0.33808167141500467
0 0.25213675213675213 0.15004748338081672 0.26816239316239315 0.15004748338081672 0.26816239316239315 0.20892687559354226 0.25213675213675213 0.20892687559354226
1 0.2831196870317031 0.13295344472911694 0.2991453280573441 0.13295344472911694 0.2991453280573441 0.1975308426398482 0.2831196870317031 0.1975308426398482
0 0.297008547008547 0.17663817663817663 0.32264957264957267 0.17663817663817663 0.32264957264957267 0.23171889838556506 0.297008547008547 0.23171889838556506
1 0.3643162393162393 0.1728395061728395 0.38782051282051283 0.1728395061728395 0.38782051282051283 0.2184235517568851 0.3643162393162393 0.2184235517568851
1 0.3846153846153847 0.17473884140550808 0.405982905982906 0.17473884140550808 0.405982905982906 0.2374169040835707 0.3846153846153847 0.2374169040835707
0 0.4284188034188034 0.16904083570750233 0.44978632478632474 0.16904083570750233 0.44978632478632474 0.2336182336182336 0.4284188034188034 0.2336182336182336
0 0.4732905982905983 0.2488129154795821 0.5117521367521367 0.2488129154795821 0.5117521367521367 0.3057929724596391 0.4732905982905983 0.3057929724596391
1 0.6324786324786325 0.3285849952516619 0.6613247863247864 0.3285849952516619 0.6613247863247864 0.41405508072174746 0.6324786324786325 0.41405508072174746
1 0.655982905982906 0.19373219373219372 0.6773504273504274 0.19373219373219372 0.6773504273504274 0.26020892687559355 0.655982905982906 0.26020892687559355
