0 0.30235042735042733 0.30389363722697055 0.3269230769230769 0.30389363722697055 0.3269230769230769 0.3874643874643874 0.30235042735042733 0.3874643874643874
0 0.3311965811965812 0.19943019943019943 0.3472222222222222 0.19943019943019943 0.3472222222222222 0.28300094966761635 0.3311965811965812 0.28300094966761635
0 0.23824786324786323 0.2431149097815765 0.2574786324786324 0.2431149097815765 0.2574786324786324 0.30009496676163344 0.23824786324786323 0.30009496676163344
1 0.5384615384615384 0.2924976258309592 0.5651709401709402 0.2924976258309592 0.5651709401709402 0.36847103513770174 0.5384615384615384 0.36847103513770174
1 0.37072649572649574 0.17663817663817663 0.3846153846153847 0.17663817663817663 0.3846153846153847 0.2222222222222222 0.37072649572649574 0.2222222222222222
0 0.38675213675213677 0.1842355175688509 0.407051282051282 0.1842355175688509 0.407051282051282 0.2431149097815765 0.38675213675213677 0.2431149097815765
1 0.4230769230769231 0.1956315289648623 0.43696581196581197 0.1956315289648623 0.43696581196581197 0.24311490978157643 0.4230769230769231 0.24311490978157643
0 0.43696581196581197 0.16144349477682812 0.452991452991453 0.16144349477682812 0.452991452991453 0.2127255460588794 0.43696581196581197 0.2127255460588794
1 0.4561965811965812 0.16144349477682812 0.4658119658119658 0.16144349477682812 0.4658119658119658 0.21082621082621084 0.4561965811965812 0.21082621082621084
0 0.4722222222222222 0.17663817663817663 0.4903846153846153 0.17663817663817663 0.4903846153846153 0.23741690408357075 0.4722222222222222 0.23741690408357075
