0 0.2692307692307692 0.2621082621082621 0.30235042735042733 0.2621082621082621 0.30235042735042733 0.34567901234567905 0.2692307692307692 0.34567901234567905
0 0.3141025641025641 0.18043684710351374 0.33547008547008544 0.18043684710351374 0.33547008547008544 0.2526115859449193 0.3141025641025641 0.2526115859449193
1 0.3482905982905983 0.16524216524216523 0.36004273504273504 0.16524216524216523 0.36004273504273504 0.22602089268755934 0.3482905982905983 0.22602089268755934
0 0.40705128205128205 0.18613485280151948 0.4316239316239317 0.18613485280151948 0.4316239316239317 0.2602089268755935 0.40705128205128205 0.2602089268755935
0 0.46047008547008544 0.18993352326685659 0.47863247863247865 0.18993352326685659 0.47863247863247865 0.25071225071225073 0.46047008547008544 0.25071225071225073
1 0.5961538461538461 0.2431149097815765 0.6207264957264957 0.2431149097815765 0.6207264957264957 0.3114909781576448 0.5961538461538461 0.3114909781576448
1 0.7606837606837605 0.31718898385565053 0.7905982905982906 0.31718898385565053 0.7905982905982906 0.3855650522317189 0.7606837606837605 0.3855650522317189
1 0.6955128205128205 0.21652421652421652 0.7158119658119658 0.21652421652421652 0.7158119658119658 0.28110161443494774 0.6955128205128205 0.28110161443494774
1 0.7264957264957265 0.19373219373219372 0.748931623931624 0.19373219373219372 0.748931623931624 0.2526115859449193 0.7264957264957265 0.2526115859449193
0 0.6762820512820514 0.18043684710351374 0.6912393162393163 0.18043684710351374 0.6912393162393163 0.2336182336182336 0.6762820512820514 0.2336182336182336
