0 0.15064102564102563 0.22981956315289648 0.17307692307692304 0.22981956315289648 0.17307692307692304 0.3228869895536563 0.15064102564102563 0.3228869895536563
0 0.28739316239316237 0.3114909781576448 0.31517094017094016 0.3114909781576448 0.31517094017094016 0.40265906932573603 0.28739316239316237 0.40265906932573603
0 0.27136752136752135 0.2393162393162393 0.29594017094017094 0.2393162393162393 0.29594017094017094 0.31149097815764476 0.27136752136752135 0.31149097815764476
0 0.30235042735042733 0.1462488129154796 0.31303418803418803 0.1462488129154796 0.31303418803418803 0.2184235517568851 0.30235042735042733 0.2184235517568851
0 0.32264957264957267 0.18993352326685659 0.3472222222222222 0.18993352326685659 0.3472222222222222 0.2526115859449193 0.32264957264957267 0.2526115859449193
1 0.34294871794871795 0.15194681861348527 0.3632478632478632 0.15194681861348527 0.3632478632478632 0.2222222222222222 0.34294871794871795 0.2222222222222222
1 0.32264957264957267 0.13105413105413105 0.3344017094017094 0.13105413105413105 0.3344017094017094 0.1899335232668566 0.32264957264957267 0.1899335232668566
1 0.4797008547008547 0.4235517568850902 0.5053418803418803 0.4235517568850902 0.5053418803418803 0.5261158594491928 0.4797008547008547 0.5261158594491928
1 0.5534188034188035 0.2431149097815765 0.5747863247863247 0.2431149097815765 0.5747863247863247 0.31908831908831914 0.5534188034188035 0.31908831908831914
0 0.6014957264957265 0.20892687559354226 0.6282051282051282 0.20892687559354226 0.6282051282051282 0.28300094966761635 0.6014957264957265 0.28300094966761635
1 0.6762820512820514 0.2070275403608737 0.7061965811965814 0.2070275403608737 0.7061965811965814 0.2602089268755935 0.6762820512820514 0.2602089268755935
