0 0.1452991452991453 0.2564102564102564 0.17307692307692304 0.2564102564102564 0.17307692307692304 0.30959164292497626 0.1452991452991453 0.30959164292497626
0 0.20192307692307693 0.19753086419753085 0.21688034188034186 0.19753086419753085 0.21688034188034186 0.258309591642925 0.20192307692307693 0.258309591642925
0 0.2553418803418803 0.2070275403608737 0.2831196581196581 0.2070275403608737 0.2831196581196581 0.2526115859449193 0.2553418803418803 0.2526115859449193
1 0.3162393162393162 0.22032288698955366 0.33547008547008544 0.22032288698955366 0.33547008547008544 0.2716049382716049 0.3162393162393162 0.2716049382716049
0 0.46474358974358976 0.17663817663817663 0.48717948717948717 0.17663817663817663 0.48717948717948717 0.22981956315289645 0.46474358974358976 0.22981956315289645
1 0.6057692307692307 0.18613485280151948 0.6217948717948719 0.18613485280151948 0.6217948717948719 0.23171889838556506 0.6057692307692307 0.23171889838556506
1 0.6282051282051282 0.17663817663817663 0.6506410256410258 0.17663817663817663 0.6506410256410258 0.22981956315289645 0.6282051282051282 0.22981956315289645
1 0.655982905982906 0.23171889838556506 0.6762820512820513 0.23171889838556506 0.6762820512820513 0.2924976258309592 0.655982905982906 0.2924976258309592
1 0.7318376068376067 0.2640075973409306 0.7606837606837605 0.2640075973409306 0.7606837606837605 0.35707536866461315 0.7318376068376067 0.35707536866461315
1 0.8621794871794873 0.23551756885090222 0.873931623931624 0.23551756885090222 0.873931623931624 0.28679962013295346 0.8621794871794873 0.28679962013295346
