1 0.697700296735905 0.456973293768546 0.7694732937685459 0.456973293768546 0.7694732937685459 0.5905044510385756 0.697700296735905 0.5905044510385756
0 0.7945103857566765 0.7210682492581604 0.8846439169139467 0.7210682492581604 0.8846439169139467 0.9169139465875372 0.7945103857566765 0.9169139465875372
0 0.9497403560830862 0.4688427299703264 1.0 0.4688427299703264 1.0 0.6123442154609838 0.9497403560830862 0.6123442154609838
1 0.47737388724035607 0.5964391691394659 0.5191023738872402 0.5964391691394659 0.5191023738872402 0.747774480712166 0.47737388724035607 0.747774480712166
0 0.413946587537092 0.6943620178041543 0.47236646884273004 0.6943620178041543 0.47236646884273004 0.8456973293768546 0.413946587537092 0.8456973293768546
0 0.14688427299703263 0.6261127596439169 0.21031157270029674 0.6261127596439169 0.21031157270029674 0.7685459940652819 0.14688427299703263 0.7685459940652819
0 0.24536350148367952 0.5816023738872403 0.29209940652818994 0.5816023738872403 0.29209940652818994 0.747774480712166 0.24536350148367952 0.747774480712166
1 0.29376854599406527 0.5311572700296736 0.33883531157270025 0.5311572700296736 0.33883531157270025 0.7091988130563797 0.29376854599406527 0.7091988130563797
2 0.43063798219584565 0.3056379821958457 0.48738872403560835 0.3056379821958457 0.48738872403560835 0.427299703264095 0.43063798219584565 0.427299703264095
1 0.3622032640949555 0.49851632047477745 0.39558605341246295 0.49851632047477745 0.39558605341246295 0.6142433234421366 0.3622032640949555 0.6142433234421366
1 0.3271513353115727 0.42433234421364985 0.3588649851632047 0.42433234421364985 0.3588649851632047 0.543026706231454 0.3271513353115727 0.543026706231454
1 0.26205489614243327 0.4599406528189911 0.30044510385756673 0.4599406528189911 0.30044510385756673 0.5489614243323442 0.26205489614243327 0.5489614243323442
