1 0.43162393162393164 0.4311490978157645 0.4615384615384615 0.4311490978157645 0.4615384615384615 0.5546058879392212 0.43162393162393164 0.5546058879392212
1 0.5117521367521367 0.26020892687559355 0.5363247863247864 0.26020892687559355 0.5363247863247864 0.3437796771130105 0.5117521367521367 0.3437796771130105
0 0.6014957264957265 0.22792022792022792 0.6324786324786325 0.22792022792022792 0.6324786324786325 0.30579297245963916 0.6014957264957265 0.30579297245963916
1 0.7329059829059829 0.2431149097815765 0.766025641025641 0.2431149097815765 0.766025641025641 0.3114909781576448 0.7329059829059829 0.3114909781576448
0 0.2670940170940171 0.31718898385565053 0.2905982905982906 0.31718898385565053 0.2905982905982906 0.3855650522317189 0.2670940170940171 0.3855650522317189
0 0.2745726495726496 0.22792022792022792 0.3002136752136752 0.22792022792022792 0.3002136752136752 0.3209876543209877 0.2745726495726496 0.3209876543209877
0 0.30982905982905984 0.19373219373219372 0.32905982905982906 0.19373219373219372 0.32905982905982906 0.2678062678062679 0.30982905982905984 0.2678062678062679
0 0.3162393162393162 0.157644824311491 0.32905982905982906 0.157644824311491 0.32905982905982906 0.20892687559354226 0.3162393162393162 0.20892687559354226
1 0.33547008547008544 0.15954415954415954 0.3482905982905983 0.15954415954415954 0.3482905982905983 0.23171889838556506 0.33547008547008544 0.23171889838556506
0 0.16773504273504272 0.2431149097815765 0.1965811965811966 0.2431149097815765 0.1965811965811966 0.32288698955365625 0.16773504273504272 0.32288698955365625
