0 0.09935897435897437 0.3554778554778555 0.1388888888888889 0.3554778554778555 0.1388888888888889 0.47785547785547794 0.09935897435897437 0.47785547785547794
0 0.30235042735042733 0.37490287490287494 0.3386752136752137 0.37490287490287494 0.3386752136752137 0.5167055167055168 0.30235042735042733 0.5167055167055168
1 0.37393162393162394 0.4156954156954157 0.4155982905982906 0.4156954156954157 0.4155982905982906 0.5827505827505828 0.37393162393162394 0.5827505827505828
0 0.6196581196581197 0.34382284382284384 0.6485042735042735 0.34382284382284384 0.6485042735042735 0.4914529914529915 0.6196581196581197 0.4914529914529915
0 0.5470085470085471 0.2583527583527584 0.5918803418803418 0.2583527583527584 0.5918803418803418 0.3418803418803419 0.5470085470085471 0.3418803418803419
1 0.7756410256410257 0.2583527583527584 0.8141025641025641 0.2583527583527584 0.8141025641025641 0.38655788655788664 0.7756410256410257 0.38655788655788664
0 0.8183760683760685 0.3243978243978244 0.8589743589743591 0.3243978243978244 0.8589743589743591 0.44094794094794093 0.8183760683760685 0.44094794094794093
2 0.6826923076923077 0.7614607614607617 0.721153846153846 0.7614607614607617 0.721153846153846 0.9848484848484851 0.6826923076923077 0.9848484848484851
1 0.5470085470085471 0.18453768453768452 0.579059829059829 0.18453768453768452 0.579059829059829 0.2583527583527584 0.5470085470085471 0.2583527583527584
0 0.594017094017094 0.1728826728826729 0.6239316239316239 0.1728826728826729 0.6239316239316239 0.27583527583527584 0.594017094017094 0.27583527583527584
