0 0.344017094017094 0.4615384615384615 0.3771367521367522 0.4615384615384615 0.3771367521367522 0.5792972459639126 0.344017094017094 0.5792972459639126
0 0.21260683760683763 0.31339031339031337 0.23824786324786323 0.31339031339031337 0.23824786324786323 0.3969610636277303 0.21260683760683763 0.3969610636277303
1 0.43162393162393164 0.47293447293447294 0.4711538461538461 0.47293447293447294 0.4711538461538461 0.5754985754985755 0.43162393162393164 0.5754985754985755
1 0.6452991452991453 0.25071225071225073 0.6623931623931624 0.25071225071225073 0.6623931623931624 0.315289648622982 0.6452991452991453 0.315289648622982
1 0.735042735042735 0.22602089268755937 0.752136752136752 0.22602089268755937 0.752136752136752 0.28679962013295346 0.735042735042735 0.28679962013295346
1 0.9155982905982906 0.44824311490978164 0.9455128205128205 0.44824311490978164 0.9455128205128205 0.5508072174738842 0.9155982905982906 0.5508072174738842
0 0.7692307692307694 0.4634377967711301 0.7905982905982906 0.4634377967711301 0.7905982905982906 0.5489078822412156 0.7692307692307694 0.5489078822412156
0 0.7275641025641025 0.345679012345679 0.7446581196581197 0.345679012345679 0.7446581196581197 0.419753086419753 0.7275641025641025 0.419753086419753
1 0.7553418803418803 0.315289648622982 0.7724358974358975 0.315289648622982 0.7724358974358975 0.3779677113010446 0.7553418803418803 0.3779677113010446
0 0.7286324786324786 0.45204178537511874 0.7638888888888888 0.45204178537511874 0.7638888888888888 0.4748338081671415 0.7286324786324786 0.4748338081671415
1 0.7692307692307694 0.4083570750237417 0.7970085470085471 0.4083570750237417 0.7970085470085471 0.4577397910731244 0.7692307692307694 0.4577397910731244
