0 0.12286324786324786 0.2981956315289649 0.1527777777777778 0.2981956315289649 0.1527777777777778 0.3779677113010446 0.12286324786324786 0.3779677113010446
1 0.3952991452991453 0.3076923076923077 0.4177350427350427 0.3076923076923077 0.4177350427350427 0.3931623931623932 0.3952991452991453 0.3931623931623932
0 0.6709401709401709 0.4007597340930674 0.7029914529914529 0.4007597340930674 0.7029914529914529 0.4957264957264958 0.6709401709401709 0.4957264957264958
0 0.5769230769230769 0.2792022792022792 0.5961538461538461 0.2792022792022792 0.5961538461538461 0.34947768281101615 0.5769230769230769 0.34947768281101615
1 0.5865384615384616 0.2222222222222222 0.6100427350427352 0.2222222222222222 0.6100427350427352 0.28679962013295346 0.5865384615384616 0.28679962013295346
1 0.6645299145299145 0.2374169040835707 0.6805555555555555 0.2374169040835707 0.6805555555555555 0.3133903133903133 0.6645299145299145 0.3133903133903133
1 0.6816239316239315 0.25071225071225073 0.7019230769230769 0.25071225071225073 0.7019230769230769 0.3418803418803419 0.6816239316239315 0.3418803418803419
1 0.8108974243326179 0.3779675819549487 0.8418803303155238 0.3779675819549487 0.8418803303155238 0.47103500835570833 0.8108974243326179 0.47103500835570833
1 0.8044872141816336 0.32288722668816566 0.8311966158910352 0.32288722668816566 0.8311966158910352 0.40455864169291395 0.8044872141816336 0.40455864169291395
0 0.8557692307692306 0.28300094966761635 0.875 0.28300094966761635 0.875 0.3741690408357075 0.8557692307692306 0.3741690408357075
0 0.8450854700854701 0.48243114909781576 0.875 0.48243114909781576 0.875 0.5982905982905983 0.8450854700854701 0.5982905982905983
