0 0.2264957264957265 0.258309591642925 0.25641025641025633 0.258309591642925 0.25641025641025633 0.3076923076923077 0.2264957264957265 0.3076923076923077
0 0.33760683760683763 0.2905982905982906 0.37179487179487186 0.2905982905982906 0.37179487179487186 0.35517568850902187 0.33760683760683763 0.35517568850902187
1 0.44017094017094016 0.2981956315289649 0.469017094017094 0.2981956315289649 0.469017094017094 0.3760683760683761 0.44017094017094016 0.3760683760683761
0 0.3162393162393162 0.23551756885090222 0.342948717948718 0.23551756885090222 0.342948717948718 0.2905982905982906 0.3162393162393162 0.2905982905982906
0 0.36324786324786323 0.21462488129154797 0.3856837606837607 0.21462488129154797 0.3856837606837607 0.2678062678062679 0.36324786324786323 0.2678062678062679
1 0.38782051282051283 0.2127255460588794 0.40064102564102566 0.2127255460588794 0.40064102564102566 0.26590693257359926 0.38782051282051283 0.26590693257359926
0 0.4326923076923077 0.22981956315289648 0.45833333333333326 0.22981956315289648 0.45833333333333326 0.2754036087369421 0.4326923076923077 0.2754036087369421
1 0.45833333333333326 0.18803418803418803 0.47863247863247865 0.18803418803418803 0.47863247863247865 0.2241215574548908 0.45833333333333326 0.2241215574548908
0 0.41666666666666674 0.18803418803418803 0.4294871794871795 0.18803418803418803 0.4294871794871795 0.23171889838556506 0.41666666666666674 0.23171889838556506
1 0.34081196581196577 0.18993352326685659 0.3632478632478632 0.18993352326685659 0.3632478632478632 0.2374169040835707 0.34081196581196577 0.2374169040835707
1 0.7959401709401709 0.26970560303893637 0.8173076923076923 0.26970560303893637 0.8173076923076923 0.3342830009496676 0.7959401709401709 0.3342830009496676
