2 0.7811572700296736 0.19584569732937684 0.8362388724035608 0.19584569732937684 0.8362388724035608 0.4629080118694362 0.7811572700296736 0.4629080118694362
1 0.8913204747774482 0.34124629080118696 0.9564169139465875 0.34124629080118696 0.9564169139465875 0.6350148367952523 0.8913204747774482 0.6350148367952523
0 0.7444362017804154 0.8456973293768546 0.8379080118694361 0.8456973293768546 0.8379080118694361 1.0 0.7444362017804154 1.0
0 0.5992210682492581 0.8100890207715132 0.6793397626112762 0.8100890207715132 0.6793397626112762 1.0 0.5992210682492581 1.0
1 0.6109050445103857 0.5252225519287834 0.6860163204747776 0.5252225519287834 0.6860163204747776 0.7596439169139466 0.6109050445103857 0.7596439169139466
1 0.4473293768545995 0.5133531157270029 0.5140949554896143 0.5133531157270029 0.5140949554896143 0.7388724035608308 0.4473293768545995 0.7388724035608308
1 0.5124258160237389 0.3590504451038576 0.5775222551928783 0.3590504451038576 0.5775222551928783 0.6053412462908012 0.5124258160237389 0.6053412462908012
0 0.5925445103857567 0.2551928783382789 0.6225890207715133 0.2551928783382789 0.6225890207715133 0.4955489614243324 0.5925445103857567 0.4955489614243324
0 0.6092359050445104 0.27299703264094954 0.6693249258160238 0.27299703264094954 0.6693249258160238 0.4747774480712167 0.6092359050445104 0.4747774480712167
1 0.07177299703264095 0.5311572700296736 0.1669139465875371 0.5311572700296736 0.1669139465875371 0.8278931750741839 0.07177299703264095 0.8278931750741839
