1 0.33226495726495725 0.4425451092117758 0.36538461538461525 0.4425451092117758 0.36538461538461525 0.5792972459639126 0.33226495726495725 0.5792972459639126
1 0.42735042735042733 0.31339031339031337 0.4561965811965812 0.31339031339031337 0.4561965811965812 0.40265906932573603 0.42735042735042733 0.40265906932573603
0 0.6057692307692307 0.28679962013295346 0.6367521367521367 0.28679962013295346 0.6367521367521367 0.36847103513770174 0.6057692307692307 0.36847103513770174
1 0.7403846153846154 0.2431149097815765 0.7702991452991453 0.2431149097815765 0.7702991452991453 0.3399810066476734 0.7403846153846154 0.3399810066476734
0 0.235042735042735 0.3190883190883191 0.26816239316239315 0.3190883190883191 0.26816239316239315 0.40835707502374163 0.235042735042735 0.40835707502374163
0 0.26816239316239315 0.25071225071225073 0.28739316239316237 0.25071225071225073 0.28739316239316237 0.31718898385565053 0.26816239316239315 0.31718898385565053
0 0.27884615384615385 0.2127255460588794 0.2927350427350427 0.2127255460588794 0.2927350427350427 0.28110161443494774 0.27884615384615385 0.28110161443494774
0 0.1955128205128205 0.27350427350427353 0.2222222222222222 0.27350427350427353 0.2222222222222222 0.3342830009496676 0.1955128205128205 0.3342830009496676
1 0.3034188034188034 0.17094017094017094 0.32264957264957267 0.17094017094017094 0.32264957264957267 0.25071225071225073 0.3034188034188034 0.25071225071225073
0 0.34508547008547 0.17094017094017094 0.3664529914529914 0.17094017094017094 0.3664529914529914 0.2184235517568851 0.34508547008547 0.2184235517568851
1 0.3728632478632478 0.17094017094017094 0.3952991452991453 0.17094017094017094 0.3952991452991453 0.23361823361823364 0.3728632478632478 0.23361823361823364
