0 0.23824786324786323 0.18233618233618235 0.25320512820512814 0.18233618233618235 0.25320512820512814 0.2564102564102564 0.23824786324786323 0.2564102564102564
0 0.13354700854700854 0.18043684710351374 0.15811965811965809 0.18043684710351374 0.15811965811965809 0.24311490978157643 0.13354700854700854 0.24311490978157643
0 0.17414529914529914 0.18043684710351374 0.1965811965811966 0.18043684710351374 0.1965811965811966 0.24311490978157643 0.17414529914529914 0.24311490978157643
1 0.3771367521367522 0.14814814814814814 0.39209401709401714 0.14814814814814814 0.39209401709401714 0.20132953466286801 0.3771367521367522 0.20132953466286801
0 0.49679487179487175 0.18043684710351374 0.5149572649572648 0.18043684710351374 0.5149572649572648 0.22222222222222218 0.49679487179487175 0.22222222222222218
0 0.5277777777777778 0.100664767331434 0.5448717948717949 0.100664767331434 0.5448717948717949 0.15384615384615385 0.5277777777777778 0.15384615384615385
1 0.6356837606837605 0.14055080721747387 0.6613247863247863 0.14055080721747387 0.6613247863247863 0.1956315289648623 0.6356837606837605 0.1956315289648623
1 0.6997863247863247 0.12725546058879392 0.7115384615384616 0.12725546058879392 0.7115384615384616 0.1728395061728395 0.6997863247863247 0.1728395061728395
1 0.7574786324786325 0.1728395061728395 0.7799145299145298 0.1728395061728395 0.7799145299145298 0.22032288698955366 0.7574786324786325 0.22032288698955366
1 0.7745726495726495 0.21082621082621084 0.7884615384615383 0.21082621082621084 0.7884615384615383 0.2716049382716049 0.7745726495726495 0.2716049382716049
1 0.7959401709401709 0.18043684710351374 0.811965811965812 0.18043684710351374 0.811965811965812 0.24311490978157643 0.7959401709401709 0.24311490978157643
