0 0.18482905982905984 0.5147630147630148 0.22756410256410256 0.5147630147630148 0.22756410256410256 0.642968142968143 0.18482905982905984 0.642968142968143
0 0.25 0.26612276612276614 0.2938034188034188 0.26612276612276614 0.2938034188034188 0.38073038073038085 0.25 0.38073038073038085
0 0.34081196581196577 0.27389277389277394 0.36752136752136755 0.27389277389277394 0.36752136752136755 0.3651903651903652 0.34081196581196577 0.3651903651903652
0 0.3108974358974359 0.34770784770784774 0.3568376068376068 0.34770784770784774 0.3568376068376068 0.46620046620046623 0.3108974358974359 0.46620046620046623
0 0.5801282051282052 0.2311577311577312 0.6217948717948718 0.2311577311577312 0.6217948717948718 0.3574203574203575 0.5801282051282052 0.3574203574203575
0 0.6367521367521367 0.2408702408702409 0.6923076923076923 0.2408702408702409 0.6923076923076923 0.39238539238539244 0.6367521367521367 0.39238539238539244
0 0.9252136752136753 0.29331779331779334 0.9850427350427353 0.29331779331779334 0.9850427350427353 0.4584304584304585 0.9252136752136753 0.4584304584304585
0 0.8771367521367521 0.6021756021756022 0.94017094017094 0.6021756021756022 0.94017094017094 0.8294483294483296 0.8771367521367521 0.8294483294483296
0 0.8504273504273506 0.18065268065268067 0.9070512820512822 0.18065268065268067 0.9070512820512822 0.30497280497280504 0.8504273504273506 0.30497280497280504
0 0.9155982905982907 0.16705516705516707 0.951923076923077 0.16705516705516707 0.951923076923077 0.2855477855477856 0.9155982905982907 0.2855477855477856
