0 0.24786324786324787 0.2431149097815765 0.2692307692307692 0.2431149097815765 0.2692307692307692 0.345679012345679 0.24786324786324787 0.345679012345679
0 0.29273504273504275 0.16524216524216523 0.3205128205128205 0.16524216524216523 0.3205128205128205 0.23171889838556506 0.29273504273504275 0.23171889838556506
1 0.33760683760683763 0.15384615384615385 0.3525641025641026 0.15384615384615385 0.3525641025641026 0.20322886989553654 0.33760683760683763 0.20322886989553654
0 0.40491452991453 0.2070275403608737 0.4241452991452992 0.2070275403608737 0.4241452991452992 0.2792022792022792 0.40491452991453 0.2792022792022792
0 0.4615384615384615 0.2070275403608737 0.486111111111111 0.2070275403608737 0.486111111111111 0.288698955365622 0.4615384615384615 0.288698955365622
1 0.532051282051282 0.22412155745489082 0.5619658119658121 0.22412155745489082 0.5619658119658121 0.27730294396961064 0.532051282051282 0.27730294396961064
1 0.6314102564102565 0.20892687559354226 0.6591880341880343 0.20892687559354226 0.6591880341880343 0.2716049382716049 0.6314102564102565 0.2716049382716049
0 0.6602564102564102 0.18613485280151948 0.6762820512820513 0.18613485280151948 0.6762820512820513 0.2526115859449193 0.6602564102564102 0.2526115859449193
1 0.7307692307692306 0.3057929724596391 0.7542735042735044 0.3057929724596391 0.7542735042735044 0.3836657169990503 0.7307692307692306 0.3836657169990503
1 0.7553418803418803 0.19943019943019943 0.780982905982906 0.19943019943019943 0.780982905982906 0.28110161443494774 0.7553418803418803 0.28110161443494774
