0 0.00641025641025641 0.2184235517568851 0.030982905982905984 0.2184235517568851 0.030982905982905984 0.3114909781576448 0.00641025641025641 0.3114909781576448
0 0.186965811965812 0.24121557454890788 0.2136752136752137 0.24121557454890788 0.2136752136752137 0.33998100664767333 0.186965811965812 0.33998100664767333
0 0.23931623931623933 0.13865147198480532 0.25747863247863245 0.13865147198480532 0.25747863247863245 0.21462488129154797 0.23931623931623933 0.21462488129154797
0 0.27564102564102566 0.1842355175688509 0.2938034188034188 0.1842355175688509 0.2938034188034188 0.23741690408357075 0.27564102564102566 0.23741690408357075
1 0.3472222222222222 0.17094017094017094 0.37179487179487186 0.17094017094017094 0.37179487179487186 0.22602089268755937 0.3472222222222222 0.22602089268755937
1 0.3728632478632478 0.17853751187084518 0.40277777777777773 0.17853751187084518 0.40277777777777773 0.2526115859449193 0.3728632478632478 0.2526115859449193
0 0.43803418803418803 0.17473884140550808 0.4700854700854701 0.17473884140550808 0.4700854700854701 0.22602089268755937 0.43803418803418803 0.22602089268755937
0 0.4455128205128205 0.22981956315289648 0.47008547008547 0.22981956315289648 0.47008547008547 0.28679962013295346 0.4455128205128205 0.28679962013295346
1 0.6207264957264957 0.3114909781576448 0.6495726495726495 0.3114909781576448 0.6495726495726495 0.3798670465337132 0.6207264957264957 0.3798670465337132
1 0.6378205128205128 0.18993352326685659 0.6559829059829061 0.18993352326685659 0.6559829059829061 0.26590693257359926 0.6378205128205128 0.26590693257359926
1 0.2831196581196581 0.13675213675213677 0.2991452991452991 0.13675213675213677 0.2991452991452991 0.16334283000949668 0.2831196581196581 0.16334283000949668
