1 0.08679525222551929 0.4094955489614243 0.15022255192878337 0.4094955489614243 0.15022255192878337 0.712166172106825 0.08679525222551929 0.712166172106825
1 0.3338278931750742 0.35014836795252224 0.3972551928783382 0.35014836795252224 0.3972551928783382 0.5103857566765578 0.3338278931750742 0.5103857566765578
0 0.38390207715133534 0.3916913946587537 0.4439910979228487 0.3916913946587537 0.4439910979228487 0.5786350148367952 0.38390207715133534 0.5786350148367952
0 0.3488501483679525 0.7893175074183977 0.4289688427299703 0.7893175074183977 0.4289688427299703 1.0 0.3488501483679525 1.0
0 0.5858679525222552 0.48961424332344206 0.647626112759644 0.48961424332344206 0.647626112759644 0.7833827893175074 0.5858679525222552 0.7833827893175074
0 0.6609792284866469 0.21364985163204744 0.7511127596439169 0.21364985163204744 0.7511127596439169 0.47774480712166173 0.6609792284866469 0.47774480712166173
1 0.5825296735905044 0.34718100890207715 0.6225890207715132 0.34718100890207715 0.6225890207715132 0.5281899109792285 0.5825296735905044 0.5281899109792285
0 0.530786350148368 0.34718100890207715 0.5691765578635015 0.34718100890207715 0.5691765578635015 0.6201780415430267 0.530786350148368 0.6201780415430267
0 0.4923961424332345 0.34718100890207715 0.5291172106824926 0.34718100890207715 0.5291172106824926 0.5816023738872403 0.4923961424332345 0.5816023738872403
2 0.4723664688427299 0.21364985163204744 0.5191023738872402 0.21364985163204744 0.5191023738872402 0.4065281899109792 0.4723664688427299 0.4065281899109792
