1 0.19658123127565055 0.466200562892521 0.23611114580556505 0.466200562892521 0.23611114580556505 0.6041182008101589 0.19658123127565055 0.6041182008101589
2 0.33974358974358976 0.7245532245532246 0.38247863247863245 0.7245532245532246 0.38247863247863245 0.9226884226884228 0.33974358974358976 0.9226884226884228
1 0.8354700854700855 0.5710955710955712 0.8824786324786326 0.5710955710955712 0.8824786324786326 0.7770007770007772 0.8354700854700855 0.7770007770007772
1 0.9540598290598291 0.2855477855477856 0.9882478632478634 0.2855477855477856 0.9882478632478634 0.4234654234654235 0.9540598290598291 0.4234654234654235
0 0.6495726495726495 0.24281274281274284 0.6848290598290598 0.24281274281274284 0.6848290598290598 0.35742035742035744 0.6495726495726495 0.35742035742035744
0 0.5021367521367521 0.2777777777777778 0.5459401709401709 0.2777777777777778 0.5459401709401709 0.4156954156954157 0.5021367521367521 0.4156954156954157
1 0.6185898014138335 0.23310023310023312 0.6581197159437482 0.23310023310023312 0.6581197159437482 0.32245532245532244 0.6185898014138335 0.32245532245532244
1 0.422008547008547 0.19813519813519817 0.45299145299145305 0.19813519813519817 0.45299145299145305 0.28749028749028754 0.422008547008547 0.28749028749028754
0 0.09508547008547008 0.37878787878787884 0.1388888888888889 0.37878787878787884 0.1388888888888889 0.49533799533799533 0.09508547008547008 0.49533799533799533
0 0.1858974358974359 0.38267288267288263 0.2158119658119658 0.38267288267288263 0.2158119658119658 0.5089355089355089 0.1858974358974359 0.5089355089355089
