2 0.0751112759643917 0.4836795252225519 0.10682492581602376 0.4836795252225519 0.10682492581602376 0.6735905044510386 0.0751112759643917 0.6735905044510386
0 0.30211424332344217 0.46587537091988135 0.34050445103857574 0.46587537091988135 0.34050445103857574 0.6112759643916914 0.30211424332344217 0.6112759643916914
1 0.34718100890207715 0.4747774480712167 0.38724035608308605 0.4747774480712167 0.38724035608308605 0.6053412462908012 0.34718100890207715 0.6053412462908012
0 0.3154673590504451 0.37685459940652827 0.3505192878338279 0.37685459940652827 0.3505192878338279 0.4718100890207716 0.3154673590504451 0.4718100890207716
0 0.39391691394658757 0.35014836795252224 0.4323071216617211 0.35014836795252224 0.4323071216617211 0.48664688427299707 0.39391691394658757 0.48664688427299707
1 0.4172848664688428 0.38278931750741835 0.4606824925816023 0.38278931750741835 0.4606824925816023 0.48071216617210677 0.4172848664688428 0.48071216617210677
0 0.639280415430267 0.38872403560830854 0.7193991097922849 0.38872403560830854 0.7193991097922849 0.5014836795252225 0.639280415430267 0.5014836795252225
1 0.8078635014836795 0.4065281899109792 0.8662833827893174 0.4065281899109792 0.8662833827893174 0.5548961424332344 0.8078635014836795 0.5548961424332344
0 0.9030044510385757 0.4540059347181009 0.9514094955489615 0.4540059347181009 0.9514094955489615 0.6201780415430267 0.9030044510385757 0.6201780415430267
0 0.777818991097923 0.8427299703264094 0.846253709198813 0.8427299703264094 0.846253709198813 1.0 0.777818991097923 1.0
