0 0.16880341880341881 0.30959164292497626 0.202991452991453 0.30959164292497626 0.202991452991453 0.3855650522317189 0.16880341880341881 0.3855650522317189
0 0.26282051282051283 0.26590693257359926 0.28846153846153844 0.26590693257359926 0.28846153846153844 0.33998100664767333 0.26282051282051283 0.33998100664767333
0 0.30982905982905984 0.19753086419753085 0.32799145299145305 0.19753086419753085 0.32799145299145305 0.25451092117758783 0.30982905982905984 0.25451092117758783
0 0.4155982905982906 0.14245014245014245 0.43482905982905984 0.14245014245014245 0.43482905982905984 0.18993352326685659 0.4155982905982906 0.18993352326685659
1 0.47863247863247865 0.19183285849952514 0.5042735042735043 0.19183285849952514 0.5042735042735043 0.2336182336182336 0.47863247863247865 0.2336182336182336
0 0.7222224246065369 0.27920299060580756 0.7435899459740583 0.27920299060580756 0.7435899459740583 0.3418810532838702 0.7222224246065369 0.3418810532838702
1 0.6837606837606838 0.21652421652421652 0.7051282051282052 0.21652421652421652 0.7051282051282052 0.2659069325735993 0.6837606837606838 0.2659069325735993
1 0.7061965811965812 0.2070275403608737 0.7222222222222221 0.2070275403608737 0.7222222222222221 0.2602089268755935 0.7061965811965812 0.2602089268755935
1 0.7574786324786325 0.20892687559354226 0.7767094017094017 0.20892687559354226 0.7767094017094017 0.2792022792022792 0.7574786324786325 0.2792022792022792
1 0.7585470085470085 0.16904083570750233 0.7735042735042735 0.16904083570750233 0.7735042735042735 0.2051282051282051 0.7585470085470085 0.2051282051282051
1 0.9497863247863247 0.2962962962962963 0.9679487179487178 0.2962962962962963 0.9679487179487178 0.36277302943969614 0.9497863247863247 0.36277302943969614
