1 0.7027077151335311 0.34718100890207715 0.7494436201780416 0.34718100890207715 0.7494436201780416 0.5044510385756676 0.7027077151335311 0.5044510385756676
1 0.8629451038575668 0.543026706231454 0.9280415430267063 0.543026706231454 0.9280415430267063 0.7329376854599408 0.8629451038575668 0.7329376854599408
0 0.5608308605341247 0.8635014836795252 0.5975519287833828 0.8635014836795252 0.5975519287833828 1.0 0.5608308605341247 1.0
1 0.5040801186943621 0.4391691394658753 0.5524851632047478 0.4391691394658753 0.5524851632047478 0.5875370919881305 0.5040801186943621 0.5875370919881305
0 0.4456602373887241 0.5311572700296736 0.499072700296736 0.5311572700296736 0.499072700296736 0.652818991097923 0.4456602373887241 0.652818991097923
0 0.46235163204747776 0.43620178041543023 0.49573442136498524 0.43620178041543023 0.49573442136498524 0.5578635014836796 0.46235163204747776 0.5578635014836796
0 0.40727002967359044 0.41839762611275966 0.45734421364985167 0.41839762611275966 0.45734421364985167 0.5845697329376854 0.40727002967359044 0.5845697329376854
0 0.3672106824925816 0.29376854599406527 0.40727002967359044 0.29376854599406527 0.40727002967359044 0.4065281899109792 0.3672106824925816 0.4065281899109792
0 0.2987759643916914 0.3620178041543027 0.34217359050445106 0.3620178041543027 0.34217359050445106 0.48071216617210677 0.2987759643916914 0.48071216617210677
1 0.3354970326409495 0.4094955489614243 0.3588649851632047 0.4094955489614243 0.3588649851632047 0.5786350148367952 0.3354970326409495 0.5786350148367952
1 0.3588649851632047 0.41839762611275966 0.3972551928783382 0.41839762611275966 0.3972551928783382 0.5103857566765578 0.3588649851632047 0.5103857566765578
2 0.07010385756676558 0.9020771513353115 0.11517062314540058 0.9020771513353115 0.11517062314540058 1.0 0.07010385756676558 1.0
