0 0.1175213675213675 0.43317793317793324 0.16666666666666663 0.43317793317793324 0.16666666666666663 0.6235431235431236 0.1175213675213675 0.6235431235431236
0 0.028846153846153844 0.3904428904428905 0.07905982905982906 0.3904428904428905 0.07905982905982906 0.5808080808080809 0.028846153846153844 0.5808080808080809
0 0.42628205128205127 0.43900543900543904 0.47115384615384615 0.43900543900543904 0.47115384615384615 0.6546231546231548 0.42628205128205127 0.6546231546231548
1 0.38782051282051283 0.7342657342657344 0.4316239316239316 0.7342657342657344 0.4316239316239316 0.9479409479409481 0.38782051282051283 0.9479409479409481
0 0.46047008547008544 0.30303030303030304 0.5053418803418803 0.30303030303030304 0.5053418803418803 0.440947940947941 0.46047008547008544 0.440947940947941
0 0.5534188034188032 0.43706461305855454 0.5972221817453592 0.43706461305855454 0.5972221817453592 0.5380730380730381 0.5534188034188032 0.5380730380730381
0 0.7329059829059829 0.5031080031080032 0.7681623931623933 0.5031080031080032 0.7681623931623933 0.6371406371406372 0.7329059829059829 0.6371406371406372
0 0.7596153846153846 0.40792540792540793 0.8055555555555557 0.40792540792540793 0.8055555555555557 0.5400155400155401 0.7596153846153846 0.5400155400155401
0 0.5502136752136747 0.3146853146853147 0.5940168338086893 0.3146853146853147 0.5940168338086893 0.41569580246363524 0.5502136752136747 0.41569580246363524
0 0.6420940170940171 0.3904428904428905 0.6463675213675213 0.3904428904428905 0.6463675213675213 0.40209790209790214 0.6420940170940171 0.40209790209790214
