0 0.09615384615384617 0.22602089268755937 0.11858974358974358 0.22602089268755937 0.11858974358974358 0.30959164292497626 0.09615384615384617 0.30959164292497626
0 0.2564102564102564 0.25451092117758783 0.2799145299145299 0.25451092117758783 0.2799145299145299 0.34377967711301044 0.2564102564102564 0.34377967711301044
0 0.4198717948717949 0.288698955365622 0.45085470085470086 0.288698955365622 0.45085470085470086 0.3874643874643874 0.4198717948717949 0.3874643874643874
0 0.36217948717948717 0.15954415954415954 0.3803418803418804 0.15954415954415954 0.3803418803418804 0.24121557454890788 0.36217948717948717 0.24121557454890788
1 0.38995726495726496 0.15954415954415954 0.4123931623931624 0.15954415954415954 0.4123931623931624 0.23171889838556506 0.38995726495726496 0.23171889838556506
0 0.4519230769230769 0.157644824311491 0.4722222222222222 0.157644824311491 0.4722222222222222 0.2241215574548908 0.4519230769230769 0.2241215574548908
1 0.49572649572649574 0.18043684710351374 0.5267094017094017 0.18043684710351374 0.5267094017094017 0.23171889838556506 0.49572649572649574 0.23171889838556506
1 0.5811965811965812 0.38746438746438744 0.6132478632478633 0.38746438746438744 0.6132478632478633 0.4824311490978158 0.5811965811965812 0.4824311490978158
1 0.6463675213675214 0.21652421652421652 0.6741452991452993 0.21652421652421652 0.6741452991452993 0.27730294396961064 0.6463675213675214 0.27730294396961064
0 0.266025641025641 0.1462488129154796 0.2841880341880342 0.1462488129154796 0.2841880341880342 0.20892687559354226 0.266025641025641 0.20892687559354226
1 0.2905982905982906 0.14055080721747387 0.3108974358974359 0.14055080721747387 0.3108974358974359 0.20892687559354226 0.2905982905982906 0.20892687559354226
