1 0.26816239316239315 0.45014245014245013 0.3087606837606838 0.45014245014245013 0.3087606837606838 0.5735992402659069 0.26816239316239315 0.5735992402659069
1 0.3824786324786325 0.31339031339031337 0.41773504273504275 0.31339031339031337 0.41773504273504275 0.419753086419753 0.3824786324786325 0.419753086419753
0 0.5608974358974359 0.2905982905982906 0.5918803418803419 0.2905982905982906 0.5918803418803419 0.3855650522317189 0.5608974358974359 0.3855650522317189
1 0.7136752136752136 0.2564102564102564 0.7382478632478633 0.2564102564102564 0.7382478632478633 0.3399810066476734 0.7136752136752136 0.3399810066476734
0 0.21474358974358976 0.31339031339031337 0.25320512820512814 0.31339031339031337 0.25320512820512814 0.3931623931623932 0.21474358974358976 0.3931623931623932
0 0.25854700854700857 0.26400759734093066 0.2831196581196581 0.26400759734093066 0.2831196581196581 0.33048433048433046 0.25854700854700857 0.33048433048433046
0 0.202991452991453 0.26020892687559355 0.22863247863247865 0.26020892687559355 0.22863247863247865 0.3228869895536563 0.202991452991453 0.3228869895536563
0 0.2745726495726496 0.20892687559354226 0.28952991452991456 0.20892687559354226 0.28952991452991456 0.2792022792022792 0.2745726495726496 0.2792022792022792
1 0.28846153846153844 0.18993352326685659 0.297008547008547 0.18993352326685659 0.297008547008547 0.25071225071225073 0.28846153846153844 0.25071225071225073
0 0.3269230769230769 0.18233618233618235 0.35149572649572647 0.18233618233618235 0.35149572649572647 0.23741690408357075 0.3269230769230769 0.23741690408357075
1 0.3931623931623932 0.18993352326685659 0.4198717948717949 0.18993352326685659 0.4198717948717949 0.24311490978157643 0.3931623931623932 0.24311490978157643
