0 0.26495726495726496 0.26020892687559355 0.29273504273504275 0.26020892687559355 0.29273504273504275 0.345679012345679 0.26495726495726496 0.345679012345679
0 0.41773504273504275 0.18613485280151948 0.43589743589743596 0.18613485280151948 0.43589743589743596 0.28110161443494774 0.41773504273504275 0.28110161443494774
0 0.47649572649572647 0.18233618233618235 0.4946581196581196 0.18233618233618235 0.4946581196581196 0.2602089268755935 0.47649572649572647 0.2602089268755935
1 0.5694444444444444 0.2222222222222222 0.6014957264957264 0.2222222222222222 0.6014957264957264 0.2962962962962963 0.5694444444444444 0.2962962962962963
1 0.6762820512820514 0.21462488129154797 0.7008547008547008 0.21462488129154797 0.7008547008547008 0.28679962013295346 0.6762820512820514 0.28679962013295346
1 0.7510683760683761 0.30009496676163344 0.7895299145299146 0.30009496676163344 0.7895299145299146 0.3760683760683761 0.7510683760683761 0.3760683760683761
1 0.7553418803418803 0.19943019943019943 0.780982905982906 0.19943019943019943 0.780982905982906 0.26970560303893637 0.7553418803418803 0.26970560303893637
0 0.6784188034188035 0.18043684710351374 0.6955128205128205 0.18043684710351374 0.6955128205128205 0.21462488129154794 0.6784188034188035 0.21462488129154794
0 0.3141025641025641 0.18613485280151948 0.33974358974358976 0.18613485280151948 0.33974358974358976 0.2431149097815765 0.3141025641025641 0.2431149097815765
1 0.33974358974358976 0.17094017094017094 0.3696581196581196 0.17094017094017094 0.3696581196581196 0.22602089268755937 0.33974358974358976 0.22602089268755937
