0 0.1452991452991453 0.5633255633255634 0.19337606837606838 0.5633255633255634 0.19337606837606838 0.7187257187257189 0.1452991452991453 0.7187257187257189
0 0.3002136752136752 0.37490287490287494 0.344017094017094 0.37490287490287494 0.344017094017094 0.5031080031080032 0.3002136752136752 0.5031080031080032
0 0.3728632478632478 0.28360528360528364 0.41452991452991456 0.28360528360528364 0.41452991452991456 0.3710178710178711 0.3728632478632478 0.3710178710178711
0 0.28525641025641024 0.27583527583527584 0.3258547008547008 0.27583527583527584 0.3258547008547008 0.371017871017871 0.28525641025641024 0.371017871017871
0 0.561965811965812 0.24281274281274284 0.59508547008547 0.24281274281274284 0.59508547008547 0.3477078477078477 0.561965811965812 0.3477078477078477
0 0.6346153846153846 0.26223776223776224 0.6741452991452992 0.26223776223776224 0.6741452991452992 0.371017871017871 0.6346153846153846 0.371017871017871
0 0.8066239316239315 0.60994560994561 0.8696581196581196 0.60994560994561 0.8696581196581196 0.8100233100233101 0.8066239316239315 0.8100233100233101
0 0.9209401709401709 0.3185703185703186 0.9797008547008547 0.3185703185703186 0.9797008547008547 0.473970473970474 0.9209401709401709 0.473970473970474
0 0.8012820512820514 0.2059052059052059 0.826923076923077 0.2059052059052059 0.826923076923077 0.31274281274281274 0.8012820512820514 0.31274281274281274
0 0.8258547008547008 0.1864801864801865 0.8557692307692306 0.1864801864801865 0.8557692307692306 0.30691530691530694 0.8258547008547008 0.30691530691530694
