0 0.13568376068376067 0.2184235517568851 0.15918803418803415 0.2184235517568851 0.15918803418803415 0.28679962013295346 0.13568376068376067 0.28679962013295346
0 0.18162393162393162 0.19373219373219372 0.20085470085470086 0.19373219373219372 0.20085470085470086 0.24881291547958215 0.18162393162393162 0.24881291547958215
0 0.21794871794871795 0.17663817663817663 0.2297008547008547 0.17663817663817663 0.2297008547008547 0.23171889838556506 0.21794871794871795 0.23171889838556506
0 0.24572649572649571 0.18803418803418803 0.2638888888888889 0.18803418803418803 0.2638888888888889 0.24691358024691354 0.24572649572649571 0.24691358024691354
1 0.327991452991453 0.19753086419753085 0.34188034188034183 0.19753086419753085 0.34188034188034183 0.2526115859449193 0.327991452991453 0.2526115859449193
0 0.454059829059829 0.17473884140550808 0.47542735042735035 0.17473884140550808 0.47542735042735035 0.22412155745489082 0.454059829059829 0.22412155745489082
0 0.5705128205128205 0.14245014245014245 0.5918803418803419 0.14245014245014245 0.5918803418803419 0.18993352326685659 0.5705128205128205 0.18993352326685659
1 0.6047008547008547 0.1557454890788224 0.6228632478632478 0.1557454890788224 0.6228632478632478 0.21652421652421652 0.6047008547008547 0.21652421652421652
1 0.6367521367521367 0.15194681861348527 0.6559829059829061 0.15194681861348527 0.6559829059829061 0.21462488129154794 0.6367521367521367 0.21462488129154794
1 0.6677350427350427 0.19753086419753085 0.6965811965811965 0.19753086419753085 0.6965811965811965 0.26400759734093066 0.6677350427350427 0.26400759734093066
1 0.7457264957264956 0.24121557454890788 0.7670940170940171 0.24121557454890788 0.7670940170940171 0.31339031339031337 0.7457264957264956 0.31339031339031337
1 0.8279914529914529 0.2070275403608737 0.8514957264957264 0.2070275403608737 0.8514957264957264 0.2754036087369421 0.8279914529914529 0.2754036087369421
