0 0.19444444444444448 0.26020892687559355 0.22115384615384615 0.26020892687559355 0.22115384615384615 0.3437796771130105 0.19444444444444448 0.3437796771130105
0 0.2489316239316239 0.22602089268755937 0.27136752136752135 0.22602089268755937 0.27136752136752135 0.28300094966761635 0.2489316239316239 0.28300094966761635
1 0.30235042735042733 0.22602089268755937 0.32264957264957267 0.22602089268755937 0.32264957264957267 0.2754036087369421 0.30235042735042733 0.2754036087369421
0 0.32585470085470086 0.20892687559354226 0.34188034188034183 0.20892687559354226 0.34188034188034183 0.27730294396961064 0.32585470085470086 0.27730294396961064
0 0.3418803418803419 0.19943019943019943 0.3675213675213676 0.19943019943019943 0.3675213675213676 0.2526115859449193 0.3418803418803419 0.2526115859449193
1 0.625 0.2564102564102564 0.6399572649572648 0.2564102564102564 0.6399572649572648 0.32288698955365625 0.625 0.32288698955365625
1 0.735042735042735 0.32288698955365625 0.7649572649572647 0.32288698955365625 0.7649572649572647 0.3950617283950617 0.735042735042735 0.3950617283950617
1 0.9636752136752136 0.26020892687559355 0.9754273504273505 0.26020892687559355 0.9754273504273505 0.3304843304843305 0.9636752136752136 0.3304843304843305
1 0.6463675213675214 0.21082621082621084 0.6688034188034188 0.21082621082621084 0.6688034188034188 0.26590693257359926 0.6463675213675214 0.26590693257359926
1 0.6207264957264957 0.201329534662868 0.6431623931623932 0.201329534662868 0.6431623931623932 0.2374169040835707 0.6207264957264957 0.2374169040835707
