1 0.8662833827893175 0.6884272997032642 0.9514094955489616 0.6884272997032642 0.9514094955489616 0.8724035608308605 0.8662833827893175 0.8724035608308605
2 0.96643175074184 0.37685459940652827 1.0 0.37685459940652827 1.0 0.5292581620485209 0.96643175074184 0.5292581620485209
0 0.5107566765578635 0.38872403560830854 0.5608308605341248 0.38872403560830854 0.5608308605341248 0.5014836795252225 0.5107566765578635 0.5014836795252225
0 0.43063798219584565 0.3442136498516321 0.4556750741839763 0.3442136498516321 0.4556750741839763 0.4332344213649852 0.43063798219584565 0.4332344213649852
0 0.4323071216617212 0.27596439169139464 0.4656899109792286 0.27596439169139464 0.4656899109792286 0.3946587537091988 0.4323071216617212 0.3946587537091988
1 0.2887611275964392 0.3679525222551929 0.33549703264094954 0.3679525222551929 0.33549703264094954 0.4896142433234421 0.2887611275964392 0.4896142433234421
1 0.22700296735905043 0.3323442136498516 0.26038575667655783 0.3323442136498516 0.26038575667655783 0.45103857566765576 0.22700296735905043 0.45103857566765576
0 0.21698813056379823 0.4272997032640949 0.26205489614243327 0.4272997032640949 0.26205489614243327 0.5459940652818991 0.21698813056379823 0.5459940652818991
1 0.18026706231454007 0.6201780415430267 0.23701780415430268 0.6201780415430267 0.23701780415430268 0.7833827893175074 0.18026706231454007 0.7833827893175074
2 0.06008902077151336 0.486646884272997 0.11517062314540061 0.486646884272997 0.11517062314540061 0.655786350148368 0.06008902077151336 0.655786350148368
1 0.0 0.502551930594515 0.03505192878338279 0.502551930594515 0.03505192878338279 0.6261127596439168 0.0 0.6261127596439168
