0 0.26175213675213677 0.5536130536130537 0.31517094017094016 0.5536130536130537 0.31517094017094016 0.7653457653457653 0.26175213675213677 0.7653457653457653
0 0.47649572649572647 0.4234654234654235 0.5448717948717948 0.4234654234654235 0.5448717948717948 0.5905205905205905 0.47649572649572647 0.5905205905205905
0 0.5160256410256411 0.29331779331779334 0.5811965811965812 0.29331779331779334 0.5811965811965812 0.4448329448329449 0.5160256410256411 0.4448329448329449
0 0.6923076923076923 0.21950271950271952 0.7371794871794874 0.21950271950271952 0.7371794871794874 0.3535353535353536 0.6923076923076923 0.3535353535353536
0 0.677350490956926 0.4001557869236196 0.7510683760683758 0.4001557869236196 0.7510683760683758 0.5594405594405596 0.677350490956926 0.5594405594405596
0 0.8600428622557331 0.40015543238608503 0.9252140915471225 0.40015543238608503 0.9252140915471225 0.5536143106097667 0.8600428622557331 0.5536143106097667
0 0.8931623584679391 0.13014769460900008 0.9433760336816144 0.13014769460900008 0.9433760336816144 0.28749035195165745 0.8931623584679391 0.28749035195165745
0 0.5213675213675214 0.6915306915306916 0.6036324786324785 0.6915306915306916 0.6036324786324785 0.8896658896658898 0.5213675213675214 0.8896658896658898
0 0.00641025641025641 0.3146853146853147 0.05876068376068375 0.3146853146853147 0.05876068376068375 0.45260295260295264 0.00641025641025641 0.45260295260295264
1 0.3418803418803419 0.8935508935508936 0.3878205128205129 0.8935508935508936 0.3878205128205129 0.9965034965034966 0.3418803418803419 0.9965034965034966
1 0.6420940170940171 0.8430458430458431 0.6912393162393162 0.8430458430458431 0.6912393162393162 0.9770784770784772 0.6420940170940171 0.9770784770784772
