0 0.08226495726495725 0.22792022792022792 0.0982905982905983 0.22792022792022792 0.0982905982905983 0.30579297245963916 0.08226495726495725 0.30579297245963916
0 0.24786324786324787 0.24501424501424504 0.2724358974358974 0.24501424501424504 0.2724358974358974 0.345679012345679 0.24786324786324787 0.345679012345679
0 0.2692307692307692 0.15194681861348527 0.2777777777777778 0.15194681861348527 0.2777777777777778 0.2070275403608737 0.2692307692307692 0.2070275403608737
1 0.2841880341880342 0.13675213675213677 0.29594017094017094 0.13675213675213677 0.29594017094017094 0.19943019943019946 0.2841880341880342 0.19943019943019946
0 0.38354700854700857 0.19373219373219372 0.3995726495726496 0.19373219373219372 0.3995726495726496 0.23741690408357075 0.38354700854700857 0.23741690408357075
0 0.4636752136752137 0.288698955365622 0.48504273504273504 0.288698955365622 0.48504273504273504 0.36657169990503324 0.4636752136752137 0.36657169990503324
1 0.6047008547008547 0.34947768281101615 0.6314102564102563 0.34947768281101615 0.6314102564102563 0.47293447293447294 0.6047008547008547 0.47293447293447294
1 0.6538461538461539 0.19373219373219372 0.6709401709401709 0.19373219373219372 0.6709401709401709 0.26020892687559355 0.6538461538461539 0.26020892687559355
1 0.45085470085470086 0.17473884140550808 0.47542735042735035 0.17473884140550808 0.47542735042735035 0.22032288698955366 0.45085470085470086 0.22032288698955366
1 0.38995726495726496 0.15384615384615385 0.4155982905982906 0.15384615384615385 0.4155982905982906 0.22412155745489082 0.38995726495726496 0.22412155745489082
