0 0.12606837606837606 0.28679962013295346 0.15705128205128205 0.28679962013295346 0.15705128205128205 0.37226970560303896 0.12606837606837606 0.37226970560303896
1 0.39743589743589747 0.2943969610636277 0.42414529914529914 0.2943969610636277 0.42414529914529914 0.38936372269705605 0.39743589743589747 0.38936372269705605
0 0.5491452991452992 0.2754036087369421 0.5747863247863247 0.2754036087369421 0.5747863247863247 0.345679012345679 0.5491452991452992 0.345679012345679
1 0.6036324786324786 0.22032288698955366 0.6217948717948719 0.22032288698955366 0.6217948717948719 0.30199430199430205 0.6036324786324786 0.30199430199430205
1 0.6623931623931624 0.26590693257359926 0.6816239316239316 0.26590693257359926 0.6816239316239316 0.34377967711301044 0.6623931623931624 0.34377967711301044
1 0.7606837433365337 0.3741691486241209 0.7852563929091831 0.3741691486241209 0.7852563929091831 0.46533723979221203 0.7606837433365337 0.46533723979221203
0 0.6923076923076923 0.3779677113010446 0.7232905982905984 0.3779677113010446 0.7232905982905984 0.47293447293447294 0.6923076923076923 0.47293447293447294
0 0.782051282051282 0.48433048433048437 0.81517094017094 0.48433048433048437 0.81517094017094 0.6153846153846154 0.782051282051282 0.6153846153846154
0 0.8311965811965812 0.27730294396961064 0.8525641025641024 0.27730294396961064 0.8525641025641024 0.3646723646723647 0.8311965811965812 0.3646723646723647
1 0.7724358974358975 0.2981956315289649 0.8034188034188033 0.2981956315289649 0.8034188034188033 0.3760683760683761 0.7724358974358975 0.3760683760683761
