0 0.19017094017094013 0.33238366571699907 0.21688034188034186 0.33238366571699907 0.21688034188034186 0.3988603988603989 0.19017094017094013 0.3988603988603989
1 0.420940170940171 0.3646723646723647 0.4455128205128205 0.3646723646723647 0.4455128205128205 0.4539411206077873 0.420940170940171 0.4539411206077873
0 0.5074786324786325 0.4900284900284901 0.5405982905982907 0.4900284900284901 0.5405982905982907 0.6229819563152896 0.5074786324786325 0.6229819563152896
1 0.6185897435897435 0.2526115859449193 0.6442307692307693 0.2526115859449193 0.6442307692307693 0.32478632478632474 0.6185897435897435 0.32478632478632474
1 0.6666666666666665 0.2298196062682619 0.6826923076923077 0.2298196062682619 0.6826923076923077 0.29439700417899317 0.6666666666666665 0.29439700417899317
0 0.6816239316239315 0.27730294396961064 0.7072649572649572 0.27730294396961064 0.7072649572649572 0.345679012345679 0.6816239316239315 0.345679012345679
0 0.8985042735042735 0.34947768281101615 0.9177350427350427 0.34947768281101615 0.9177350427350427 0.4406457739791073 0.8985042735042735 0.4406457739791073
1 0.7403846153846154 0.28679962013295346 0.7713675213675213 0.28679962013295346 0.7713675213675213 0.35517568850902187 0.7403846153846154 0.35517568850902187
1 0.9123931623931624 0.4634377967711301 0.9433760683760685 0.4634377967711301 0.9433760683760685 0.5356125356125357 0.9123931623931624 0.5356125356125357
1 0.9188034188034188 0.3627730294396961 0.9444444444444444 0.3627730294396961 0.9444444444444444 0.4425451092117758 0.9188034188034188 0.4425451092117758
