0 0.3247859662769674 0.27160435621417267 0.35042699191799304 0.27160435621417267 0.35042699191799304 0.3513764359862524 0.3247859662769674 0.3513764359862524
0 0.35256410256410253 0.23171889838556506 0.38141025641025633 0.23171889838556506 0.38141025641025633 0.288698955365622 0.35256410256410253 0.288698955365622
0 0.3173076923076923 0.2526115859449193 0.33974358974358976 0.2526115859449193 0.33974358974358976 0.2981956315289649 0.3173076923076923 0.2981956315289649
1 0.32264957264957267 0.18613485280151948 0.34294871794871795 0.18613485280151948 0.34294871794871795 0.2526115859449193 0.32264957264957267 0.2526115859449193
0 0.40491452991453 0.18993352326685659 0.41773504273504275 0.18993352326685659 0.41773504273504275 0.23171889838556506 0.40491452991453 0.23171889838556506
0 0.42735042735042733 0.22412155745489082 0.44017094017094016 0.22412155745489082 0.44017094017094016 0.2792022792022792 0.42735042735042733 0.2792022792022792
1 0.45833333333333326 0.18043684710351374 0.4711538461538461 0.18043684710351374 0.4711538461538461 0.2336182336182336 0.45833333333333326 0.2336182336182336
1 0.3920940170940171 0.32288698955365625 0.4177350427350427 0.32288698955365625 0.4177350427350427 0.3931623931623932 0.3920940170940171 0.3931623931623932
0 0.22863247863247863 0.2678062678062678 0.24786324786324784 0.2678062678062678 0.24786324786324784 0.3190883190883191 0.22863247863247863 0.3190883190883191
1 0.7574786324786325 0.258309591642925 0.780982905982906 0.258309591642925 0.780982905982906 0.34947768281101615 0.7574786324786325 0.34947768281101615
