0 0.39850427350427353 0.5090218423551757 0.43696581196581197 0.5090218423551757 0.43696581196581197 0.6153846153846154 0.39850427350427353 0.6153846153846154
0 0.4391025641025641 0.3475783475783476 0.46153846153846156 0.3475783475783476 0.46153846153846156 0.45773979107312446 0.4391025641025641 0.45773979107312446
0 0.27350427350427353 0.26020892687559355 0.29914529914529914 0.26020892687559355 0.29914529914529914 0.33618233618233617 0.27350427350427353 0.33618233618233617
0 0.5576923076923077 0.201329534662868 0.5822649572649572 0.201329534662868 0.5822649572649572 0.26970560303893637 0.5576923076923077 0.26970560303893637
0 0.7115384615384616 0.42735042735042733 0.7542735042735043 0.42735042735042733 0.7542735042735043 0.533713200379867 0.7115384615384616 0.533713200379867
1 0.9337606837606838 0.4425451092117758 0.9743589743589743 0.4425451092117758 0.9743589743589743 0.5584045584045584 0.9337606837606838 0.5584045584045584
1 0.628205191811627 0.5489079684719463 0.6858974995039347 0.5489079684719463 0.6858974995039347 0.6666667528973974 0.628205191811627 0.6666667528973974
1 0.5811965811965812 0.2716049382716049 0.6111111111111112 0.2716049382716049 0.6111111111111112 0.33998100664767333 0.5811965811965812 0.33998100664767333
1 0.7211538461538461 0.2127255460588794 0.7414529914529915 0.2127255460588794 0.7414529914529915 0.288698955365622 0.7211538461538461 0.288698955365622
1 0.9797008547008547 0.18993352326685659 0.9946581196581196 0.18993352326685659 0.9946581196581196 0.2678062678062678 0.9797008547008547 0.2678062678062678
1 0.3931623931623932 0.2621082621082621 0.4294871794871795 0.2621082621082621 0.4294871794871795 0.3247863247863248 0.3931623931623932 0.3247863247863248
