0 0.358974358974359 0.2621082621082621 0.3835470085470086 0.2621082621082621 0.3835470085470086 0.34567901234567905 0.358974358974359 0.34567901234567905
1 0.4358974358974359 0.4368471035137702 0.46688034188034183 0.4368471035137702 0.46688034188034183 0.49952516619183285 0.4358974358974359 0.49952516619183285
0 0.5267094017094017 0.2564102564102564 0.5502136752136751 0.2564102564102564 0.5502136752136751 0.33238366571699907 0.5267094017094017 0.33238366571699907
0 0.6025641025641025 0.33998100664767333 0.6335470085470085 0.33998100664767333 0.6335470085470085 0.44254510921177576 0.6025641025641025 0.44254510921177576
0 0.6805555555555556 0.5109211775878443 0.7200854700854702 0.5109211775878443 0.7200854700854702 0.6514719848053182 0.6805555555555556 0.6514719848053182
1 0.905982905982906 0.37226970560303896 0.9348290598290598 0.37226970560303896 0.9348290598290598 0.46533713200379867 0.905982905982906 0.46533713200379867
1 0.813034188034188 0.6818613485280152 0.8557692307692306 0.6818613485280152 0.8557692307692306 0.8129154795821462 0.813034188034188 0.8129154795821462
1 0.7553418803418803 0.18043684710351374 0.7681623931623932 0.18043684710351374 0.7681623931623932 0.2526115859449193 0.7553418803418803 0.2526115859449193
1 0.7200854700854701 0.7901234567901234 0.7788461538461537 0.7901234567901234 0.7788461538461537 0.905982905982906 0.7200854700854701 0.905982905982906
0 0.26282051282051283 0.6058879392212726 0.30235042735042733 0.6058879392212726 0.30235042735042733 0.7540360873694207 0.26282051282051283 0.7540360873694207
