0 0.30448717948717946 0.26970560303893637 0.3344017094017094 0.26970560303893637 0.3344017094017094 0.33998100664767333 0.30448717948717946 0.33998100664767333
0 0.5502136752136753 0.51661918328585 0.5833333333333335 0.51661918328585 0.5833333333333335 0.6381766381766382 0.5502136752136753 0.6381766381766382
0 0.5106837606837606 0.32098765432098764 0.5384615384615384 0.32098765432098764 0.5384615384615384 0.39696106362773026 0.5106837606837606 0.39696106362773026
0 0.6004273504273504 0.25071225071225073 0.6388888888888888 0.25071225071225073 0.6388888888888888 0.2962962962962962 0.6004273504273504 0.2962962962962962
0 0.8279914529914529 0.419753086419753 0.8600427350427352 0.419753086419753 0.8600427350427352 0.49952516619183285 0.8279914529914529 0.49952516619183285
1 0.9583333333333335 0.3969610636277303 0.9935897435897437 0.3969610636277303 0.9935897435897437 0.49952516619183285 0.9583333333333335 0.49952516619183285
1 0.6987179776299938 0.38176651111247795 0.7286325480213868 0.38176651111247795 0.7286325480213868 0.482431278443912 0.6987179776299938 0.482431278443912
1 0.6485042735042735 0.2962962962962963 0.6805555555555555 0.2962962962962963 0.6805555555555555 0.35897435897435903 0.6485042735042735 0.35897435897435903
1 0.701923076923077 0.22412155745489082 0.7211538461538463 0.22412155745489082 0.7211538461538463 0.30579297245963916 0.701923076923077 0.30579297245963916
1 0.842948717948718 0.19943019943019943 0.8707264957264957 0.19943019943019943 0.8707264957264957 0.28300094966761635 0.842948717948718 0.28300094966761635
