1 0.26873145400593473 0.5548961424332344 0.34217359050445106 0.5548961424332344 0.34217359050445106 0.8249258160237389 0.26873145400593473 0.8249258160237389
1 0.4439910979228487 0.5845697329376854 0.5257789317507419 0.5845697329376854 0.5257789317507419 0.7151335311572701 0.4439910979228487 0.7151335311572701
1 0.4790430267062316 0.3798219584569733 0.5458086053412463 0.3798219584569733 0.5458086053412463 0.6231454005934718 0.4790430267062316 0.6231454005934718
0 0.5408011869436202 0.3026706231454006 0.6042284866468843 0.3026706231454006 0.6042284866468843 0.4955489614243324 0.5408011869436202 0.4955489614243324
1 0.5574925816023739 0.4688427299703264 0.6626483679525224 0.4688427299703264 0.6626483679525224 0.7032640949554896 0.5574925816023739 0.7032640949554896
0 0.6292655786350149 0.6824925816023739 0.7427670623145399 0.6824925816023739 0.7427670623145399 0.913946587537092 0.6292655786350149 0.913946587537092
0 0.8495919881305639 0.7833827893175074 0.9647626112759646 0.7833827893175074 0.9647626112759646 1.0 0.8495919881305639 1.0
1 0.8813056379821959 0.35311572700296734 0.9464020771513354 0.35311572700296734 0.9464020771513354 0.602373887240356 0.8813056379821959 0.602373887240356
2 0.782826409495549 0.22551928783382788 0.8312314540059347 0.22551928783382788 0.8312314540059347 0.46587537091988135 0.782826409495549 0.46587537091988135
0 0.9714391691394659 0.43620178041543023 1.0 0.43620178041543023 1.0 0.6894955507725565 0.9714391691394659 0.6894955507725565
