0 0.3388353115727003 0.35014836795252224 0.3905786350148368 0.35014836795252224 0.3905786350148368 0.4629080118694362 0.3388353115727003 0.4629080118694362
1 0.3505192878338279 0.4480712166172107 0.39391691394658757 0.4480712166172107 0.39391691394658757 0.6083086053412463 0.3505192878338279 0.6083086053412463
1 0.5625 0.49851632047477745 0.6442878338278932 0.49851632047477745 0.6442878338278932 0.6676557863501483 0.5625 0.6676557863501483
0 0.6359421364985164 0.7833827893175074 0.6977002967359051 0.7833827893175074 0.6977002967359051 0.940652818991098 0.6359421364985164 0.940652818991098
0 0.8429154302670623 0.41839762611275966 0.8662833827893175 0.41839762611275966 0.8662833827893175 0.5667655786350149 0.8429154302670623 0.5667655786350149
0 0.836238872403561 0.3620178041543027 0.8579376854599408 0.3620178041543027 0.8579376854599408 0.486646884272997 0.836238872403561 0.486646884272997
1 0.6843471810089021 0.28486646884273 0.7193991097922849 0.28486646884273 0.7193991097922849 0.4035608308605341 0.6843471810089021 0.4035608308605341
0 0.6359421364985164 0.29376854599406527 0.6760014836795253 0.29376854599406527 0.6760014836795253 0.38278931750741835 0.6359421364985164 0.38278931750741835
0 0.6526335311572702 0.456973293768546 0.6993694362017806 0.456973293768546 0.6993694362017806 0.5608308605341247 0.6526335311572702 0.5608308605341247
1 0.7127225519287834 0.44510385756676557 0.7360905044510385 0.44510385756676557 0.7360905044510385 0.5756676557863502 0.7127225519287834 0.5756676557863502
