0 0.22435897435897437 0.2488129154795821 0.24786324786324784 0.2488129154795821 0.24786324786324784 0.35707502374169037 0.22435897435897437 0.35707502374169037
0 0.373931623931624 0.18803418803418803 0.4006410256410257 0.18803418803418803 0.4006410256410257 0.26970560303893637 0.373931623931624 0.26970560303893637
0 0.43162393162393164 0.22792022792022792 0.46474358974358976 0.22792022792022792 0.46474358974358976 0.288698955365622 0.43162393162393164 0.288698955365622
1 0.5117521367521367 0.17663817663817663 0.5320512820512822 0.17663817663817663 0.5320512820512822 0.2602089268755935 0.5117521367521367 0.2602089268755935
1 0.5779914529914529 0.19183285849952514 0.6132478632478633 0.19183285849952514 0.6132478632478633 0.26590693257359926 0.5779914529914529 0.26590693257359926
0 0.625 0.18233618233618235 0.6463675213675214 0.18233618233618235 0.6463675213675214 0.2602089268755935 0.625 0.2602089268755935
1 0.701923076923077 0.30009496676163344 0.7371794871794873 0.30009496676163344 0.7371794871794873 0.3969610636277303 0.701923076923077 0.3969610636277303
1 0.7297008547008547 0.21462488129154797 0.7649572649572648 0.21462488129154797 0.7649572649572648 0.30199430199430205 0.7297008547008547 0.30199430199430205
1 0.31517111364320993 0.15004718157325925 0.33867538714748346 0.15004718157325925 0.33867538714748346 0.19942989762264196 0.31517111364320993 0.19942989762264196
0 0.2767094017094017 0.16714150047483384 0.30235042735042733 0.16714150047483384 0.30235042735042733 0.2260208926875594 0.2767094017094017 0.2260208926875594
