2 0.03505192878338279 0.5074183976261127 0.07511127596439168 0.5074183976261127 0.07511127596439168 0.6795252225519289 0.03505192878338279 0.6795252225519289
1 0.5992210682492581 0.4599406528189911 0.6492952522255193 0.4599406528189911 0.6492952522255193 0.6439169139465875 0.5992210682492581 0.6439169139465875
0 0.7544510385756676 0.4094955489614243 0.8078635014836795 0.4094955489614243 0.8078635014836795 0.5459940652818991 0.7544510385756676 0.5459940652818991
0 0.6125741839762612 0.9050445103857566 0.6626483679525222 0.9050445103857566 0.6626483679525222 1.0 0.6125741839762612 1.0
0 0.5140949554896143 0.3620178041543027 0.5574925816023739 0.3620178041543027 0.5574925816023739 0.5192878338278932 0.5140949554896143 0.5192878338278932
1 0.9647626112759644 0.4629080118694362 0.9981454005934719 0.4629080118694362 0.9981454005934719 0.6350148367952523 0.9647626112759644 0.6350148367952523
1 0.3822329376854599 0.41246290801186947 0.41895400593471804 0.41246290801186947 0.41895400593471804 0.5459940652818991 0.3822329376854599 0.5459940652818991
1 0.3672106824925816 0.39465875370919884 0.39725519287833827 0.39465875370919884 0.39725519287833827 0.5222551928783383 0.3672106824925816 0.5222551928783383
1 0.3505192878338279 0.48961424332344206 0.3905786350148368 0.48961424332344206 0.3905786350148368 0.6498516320474778 0.3505192878338279 0.6498516320474778
0 0.3004451038575668 0.47181008902077154 0.33215875370919884 0.47181008902077154 0.33215875370919884 0.6261127596439169 0.3004451038575668 0.6261127596439169
0 0.310459940652819 0.3620178041543027 0.3338278931750742 0.3620178041543027 0.3338278931750742 0.4836795252225519 0.310459940652819 0.4836795252225519
