0 0.11858974358974357 0.3057929724596391 0.1485042735042735 0.3057929724596391 0.1485042735042735 0.3912630579297246 0.11858974358974357 0.3912630579297246
1 0.391025641025641 0.31718898385565053 0.4198717948717949 0.31718898385565053 0.4198717948717949 0.4064577397910731 0.391025641025641 0.4064577397910731
0 0.6260683760683761 0.4140550807217474 0.655982905982906 0.4140550807217474 0.655982905982906 0.520417853751187 0.6260683760683761 0.520417853751187
0 0.6068376068376068 0.26590693257359926 0.6228632478632478 0.26590693257359926 0.6228632478632478 0.33998100664767333 0.6068376068376068 0.33998100664767333
1 0.5833333333333334 0.23171889838556506 0.6014957264957264 0.23171889838556506 0.6014957264957264 0.3076923076923077 0.5833333333333334 0.3076923076923077
1 0.6987179487179486 0.258309591642925 0.7211538461538461 0.258309591642925 0.7211538461538461 0.32858499525166185 0.6987179487179486 0.32858499525166185
1 0.6549145299145299 0.22412155745489082 0.6762820512820514 0.22412155745489082 0.6762820512820514 0.31339031339031337 0.6549145299145299 0.31339031339031337
1 0.8664529914529915 0.4235517568850902 0.9049145299145299 0.4235517568850902 0.9049145299145299 0.5185185185185185 0.8664529914529915 0.5185185185185185
0 0.9038461538461539 0.4976258309591642 0.9305555555555556 0.4976258309591642 0.9305555555555556 0.5679012345679012 0.9038461538461539 0.5679012345679012
1 0.8504273504273505 0.31718898385565053 0.8707264957264957 0.31718898385565053 0.8707264957264957 0.3950617283950617 0.8504273504273505 0.3950617283950617
0 0.8782051282051282 0.2849002849002849 0.8942307692307694 0.2849002849002849 0.8942307692307694 0.37226970560303896 0.8782051282051282 0.37226970560303896
