0 0.25213675213675213 0.31339031339031337 0.2777777777777778 0.31339031339031337 0.2777777777777778 0.3950617283950617 0.25213675213675213 0.3950617283950617
0 0.2724358974358974 0.2374169040835707 0.2948717948717949 0.2374169040835707 0.2948717948717949 0.32288698955365625 0.2724358974358974 0.32288698955365625
0 0.2948717948717949 0.19183285849952514 0.31303418803418803 0.19183285849952514 0.31303418803418803 0.26970560303893637 0.2948717948717949 0.26970560303893637
1 0.32264957264957267 0.16334283000949668 0.33547008547008544 0.16334283000949668 0.33547008547008544 0.22602089268755934 0.32264957264957267 0.22602089268755934
0 0.3418803418803419 0.1557454890788224 0.34829059829059833 0.1557454890788224 0.34829059829059833 0.21082621082621086 0.3418803418803419 0.21082621082621086
1 0.35256410256410253 0.16334283000949668 0.3675213675213676 0.16334283000949668 0.3675213675213676 0.2184235517568851 0.35256410256410253 0.2184235517568851
1 0.38888888888888895 0.4311490978157645 0.4123931623931624 0.4311490978157645 0.4123931623931624 0.5584045584045584 0.38888888888888895 0.5584045584045584
1 0.47649572649572647 0.2905982905982906 0.5021367521367521 0.2905982905982906 0.5021367521367521 0.3931623931623932 0.47649572649572647 0.3931623931623932
0 0.6121794871794872 0.2526115859449193 0.6388888888888888 0.2526115859449193 0.6388888888888888 0.3399810066476734 0.6121794871794872 0.3399810066476734
1 0.7574786324786325 0.24691358024691354 0.7852564102564102 0.24691358024691354 0.7852564102564102 0.32858499525166185 0.7574786324786325 0.32858499525166185
0 0.18482905982905987 0.25451092117758783 0.2083333333333334 0.25451092117758783 0.2083333333333334 0.32668566001899335 0.18482905982905987 0.32668566001899335
