1 0.5675074183976261 0.5845697329376854 0.6259272997032641 0.5845697329376854 0.6259272997032641 0.7626112759643917 0.5675074183976261 0.7626112759643917
0 0.594213649851632 0.8308605341246291 0.665986646884273 0.8308605341246291 0.665986646884273 0.9940652818991099 0.594213649851632 0.9940652818991099
1 0.22700296735905043 0.46587537091988135 0.27874629080118696 0.46587537091988135 0.27874629080118696 0.629080118694362 0.22700296735905043 0.629080118694362
1 0.27874629080118696 0.3620178041543027 0.3204747774480713 0.3620178041543027 0.3204747774480713 0.5934718100890207 0.27874629080118696 0.5934718100890207
0 0.2353486646884273 0.37685459940652827 0.2754080118694362 0.37685459940652827 0.2754080118694362 0.5074183976261128 0.2353486646884273 0.5074183976261128
2 0.575853115727003 0.2462908011869437 0.6058976261127597 0.2462908011869437 0.6058976261127597 0.36498516320474783 0.575853115727003 0.36498516320474783
1 0.5958827893175075 0.43620178041543023 0.6376112759643917 0.43620178041543023 0.6376112759643917 0.5637982195845698 0.5958827893175075 0.5637982195845698
0 0.6676557863501484 0.41839762611275966 0.6993694362017806 0.41839762611275966 0.6993694362017806 0.5608308605341246 0.6676557863501484 0.5608308605341246
0 0.6292655786350149 0.31750741839762614 0.6676557863501484 0.31750741839762614 0.6676557863501484 0.45103857566765576 0.6292655786350149 0.45103857566765576
0 0.5808605341246291 0.3353115727002967 0.6242581602373888 0.3353115727002967 0.6242581602373888 0.4540059347181009 0.5808605341246291 0.4540059347181009
0 0.6793397626112762 0.42433234421364985 0.7577893175074184 0.42433234421364985 0.7577893175074184 0.5400593471810089 0.6793397626112762 0.5400593471810089
