0 0.23076923076923075 0.3076923076923077 0.24786324786324784 0.3076923076923077 0.24786324786324784 0.3817663817663818 0.23076923076923075 0.3817663817663818
0 0.3568376068376068 0.415954415954416 0.38888888888888895 0.415954415954416 0.38888888888888895 0.5090218423551757 0.3568376068376068 0.5090218423551757
1 0.43162393162393164 0.44634377967711303 0.4604700854700854 0.44634377967711303 0.4604700854700854 0.5716999050332384 0.43162393162393164 0.5716999050332384
0 0.7393162393162395 0.4444444444444444 0.7617521367521367 0.4444444444444444 0.7617521367521367 0.5527065527065527 0.7393162393162395 0.5527065527065527
1 0.6485042735042735 0.2526115859449193 0.673076923076923 0.2526115859449193 0.673076923076923 0.33048433048433046 0.6485042735042735 0.33048433048433046
1 0.8760683760683761 0.42165242165242167 0.9027777777777779 0.42165242165242167 0.9027777777777779 0.5185185185185184 0.8760683760683761 0.5185185185185184
0 0.69017094017094 0.40645773979107314 0.7168803418803419 0.40645773979107314 0.7168803418803419 0.4786324786324787 0.69017094017094 0.4786324786324787
1 0.7467948717948718 0.2184235517568851 0.7724358974358975 0.2184235517568851 0.7724358974358975 0.2792022792022792 0.7467948717948718 0.2792022792022792
0 0.7863247863247864 0.3646723646723647 0.813034188034188 0.3646723646723647 0.813034188034188 0.4387464387464387 0.7863247863247864 0.4387464387464387
1 0.7638889293657519 0.3494777690417468 0.7905983310751536 0.3494777690417468 0.7905983310751536 0.4178538374178152 0.7638889293657519 0.4178538374178152
