0 0.30662393162393164 0.2716049382716049 0.344017094017094 0.2716049382716049 0.344017094017094 0.3342830009496676 0.30662393162393164 0.3342830009496676
0 0.5395299145299145 0.32668566001899335 0.5769230769230769 0.32668566001899335 0.5769230769230769 0.3969610636277303 0.5395299145299145 0.3969610636277303
0 0.5673076923076923 0.4748338081671414 0.6025641025641026 0.4748338081671414 0.6025641025641026 0.5887939221272553 0.5673076923076923 0.5887939221272553
0 0.5950854700854701 0.26970560303893637 0.6314102564102563 0.26970560303893637 0.6314102564102563 0.3342830009496676 0.5950854700854701 0.3342830009496676
0 0.8525641025641025 0.40645773979107314 0.8910256410256411 0.40645773979107314 0.8910256410256411 0.4824311490978158 0.8525641025641025 0.4824311490978158
1 0.9700854700854701 0.38746438746438744 0.9989316239316239 0.38746438746438744 0.9989316239316239 0.4672364672364673 0.9700854700854701 0.4672364672364673
1 0.717948717948718 0.358974358974359 0.747863247863248 0.358974358974359 0.747863247863248 0.4178537511870845 0.717948717948718 0.4178537511870845
1 0.673076923076923 0.2981956315289649 0.7019230769230769 0.2981956315289649 0.7019230769230769 0.3741690408357075 0.673076923076923 0.3741690408357075
1 0.7029914529914529 0.24691358024691354 0.733974358974359 0.24691358024691354 0.733974358974359 0.3057929724596391 0.7029914529914529 0.3057929724596391
1 0.8141025641025641 0.2127255460588794 0.8386752136752136 0.2127255460588794 0.8386752136752136 0.301994301994302 0.8141025641025641 0.301994301994302
1 0.4636752136752137 0.2924976258309592 0.4925213675213676 0.2924976258309592 0.4925213675213676 0.3931623931623932 0.4636752136752137 0.3931623931623932
