1 0.7457298957829823 0.1842350864151974 0.7681657932188798 0.1842350864151974 0.7681657932188798 0.24501381386059154 0.7457298957829823 0.24501381386059154
1 0.6773504273504274 0.14055080721747387 0.6933760683760684 0.14055080721747387 0.6933760683760684 0.19183285849952517 0.6773504273504274 0.19183285849952517
1 0.7307692307692306 0.10826210826210826 0.7467948717948718 0.10826210826210826 0.7467948717948718 0.1728395061728395 0.7307692307692306 0.1728395061728395
1 0.7670940170940171 0.16334283000949668 0.7852564102564102 0.16334283000949668 0.7852564102564102 0.22981956315289645 0.7670940170940171 0.22981956315289645
1 0.8472222222222221 0.1728395061728395 0.875 0.1728395061728395 0.875 0.24121557454890788 0.8472222222222221 0.24121557454890788
0 0.5705128205128205 0.18803418803418803 0.5876068376068376 0.18803418803418803 0.5876068376068376 0.24691358024691354 0.5705128205128205 0.24691358024691354
0 0.47863247863247865 0.10256410256410256 0.49572649572649574 0.10256410256410256 0.49572649572649574 0.1462488129154796 0.47863247863247865 0.1462488129154796
1 0.41773504273504275 0.11965811965811965 0.4412393162393163 0.11965811965811965 0.4412393162393163 0.17094017094017094 0.41773504273504275 0.17094017094017094
0 0.24572649572649571 0.19943019943019943 0.2638888888888889 0.19943019943019943 0.2638888888888889 0.2602089268755935 0.24572649572649571 0.2602089268755935
0 0.24252136752136752 0.1462488129154796 0.26282051282051283 0.1462488129154796 0.26282051282051283 0.18613485280151948 0.24252136752136752 0.18613485280151948
0 0.10790598290598291 0.22032288698955366 0.13995726495726496 0.22032288698955366 0.13995726495726496 0.28110161443494774 0.10790598290598291 0.28110161443494774
