0 0.13034188034188035 0.3114909781576448 0.15705128205128202 0.3114909781576448 0.15705128205128202 0.3988603988603989 0.13034188034188035 0.3988603988603989
1 0.3920940170940171 0.3285849952516619 0.4177350427350427 0.3285849952516619 0.4177350427350427 0.4235517568850902 0.3920940170940171 0.4235517568850902
0 0.5918803418803419 0.4368471035137702 0.6143162393162392 0.4368471035137702 0.6143162393162392 0.5603038936372269 0.5918803418803419 0.5603038936372269
0 0.6282051282051283 0.26590693257359926 0.6463675329323396 0.26590693257359926 0.6463675329323396 0.3399811359937694 0.6282051282051283 0.3399811359937694
1 0.5886752136752137 0.23171889838556506 0.6068376068376068 0.23171889838556506 0.6068376068376068 0.3076923076923077 0.5886752136752137 0.3076923076923077
1 0.7275641025641025 0.26400759734093066 0.7382478632478634 0.26400759734093066 0.7382478632478634 0.332383665716999 0.7275641025641025 0.332383665716999
1 0.6570512820512824 0.23361784557994544 0.6762821148885503 0.23361784557994544 0.6762821148885503 0.3000949667616333 0.6570512820512824 0.3000949667616333
1 0.9017094306214465 0.3437793106324051 0.9284188554604843 0.3437793106324051 0.9284188554604843 0.4140549729333342 0.9017094306214465 0.4140549729333342
1 0.907051282051282 0.4235517568850902 0.9326923076923077 0.4235517568850902 0.9326923076923077 0.5204178537511871 0.907051282051282 0.5204178537511871
0 0.9305555555555556 0.4634377967711301 0.9487179487179487 0.4634377967711301 0.9487179487179487 0.5318138651471986 0.9305555555555556 0.5318138651471986
0 0.8942307692307694 0.3057929724596391 0.9134615384615384 0.3057929724596391 0.9134615384615384 0.3779677113010446 0.8942307692307694 0.3779677113010446
