0 0.053418803418803416 0.3950617283950617 0.0918803418803419 0.3950617283950617 0.0918803418803419 0.4957264957264957 0.053418803418803416 0.4957264957264957
0 0.25747863247863245 0.2070275403608737 0.28846153846153844 0.2070275403608737 0.28846153846153844 0.2924976258309592 0.25747863247863245 0.2924976258309592
1 0.3076923076923077 0.18043684710351374 0.3408119658119658 0.18043684710351374 0.3408119658119658 0.27350427350427353 0.3076923076923077 0.27350427350427353
0 0.21794871794871795 0.18233618233618235 0.24786324786324787 0.18233618233618235 0.24786324786324787 0.26400759734093066 0.21794871794871795 0.26400759734093066
0 0.5288461538461539 0.15004748338081672 0.5534188034188035 0.15004748338081672 0.5534188034188035 0.214624881291548 0.5288461538461539 0.214624881291548
0 0.47008547008547 0.12155745489078824 0.4839743589743589 0.12155745489078824 0.4839743589743589 0.1728395061728395 0.47008547008547 0.1728395061728395
0 0.4017094017094017 0.10446343779677113 0.41452991452991456 0.10446343779677113 0.41452991452991456 0.16334283000949668 0.4017094017094017 0.16334283000949668
1 0.5715811965811965 0.14055080721747387 0.5908119658119658 0.14055080721747387 0.5908119658119658 0.1899335232668566 0.5715811965811965 0.1899335232668566
1 0.701923076923077 0.20892687559354226 0.7350427350427352 0.20892687559354226 0.7350427350427352 0.2678062678062678 0.701923076923077 0.2678062678062678
1 0.842948717948718 0.27350427350427353 0.875 0.27350427350427353 0.875 0.36657169990503324 0.842948717948718 0.36657169990503324
