0 0.7678041543026707 0.41839762611275966 0.8178783382789317 0.41839762611275966 0.8178783382789317 0.5281899109792285 0.7678041543026707 0.5281899109792285
1 0.894658753709199 0.4035608308605341 0.9447329376854601 0.4035608308605341 0.9447329376854601 0.5074183976261127 0.894658753709199 0.5074183976261127
1 0.7627967359050445 0.7299703264094956 0.8395771513353116 0.7299703264094956 0.8395771513353116 0.8991097922848663 0.7627967359050445 0.8991097922848663
0 0.45400593471810086 0.6201780415430267 0.5307863501483678 0.6201780415430267 0.5307863501483678 0.7566765578635015 0.45400593471810086 0.7566765578635015
1 0.5024109792284867 0.27299703264094954 0.5391320474777448 0.27299703264094954 0.5391320474777448 0.37685459940652816 0.5024109792284867 0.37685459940652816
1 0.40727002967359044 0.3293768545994065 0.43397626112759646 0.3293768545994065 0.43397626112759646 0.3916913946587537 0.40727002967359044 0.3916913946587537
0 0.408939169139466 0.3620178041543027 0.4573442136498517 0.3620178041543027 0.4573442136498517 0.44807121661721067 0.408939169139466 0.44807121661721067
0 0.3505192878338279 0.38872403560830854 0.3905786350148368 0.38872403560830854 0.3905786350148368 0.49258160237388726 0.3505192878338279 0.49258160237388726
1 0.2353486646884273 0.37685459940652827 0.27874629080118696 0.37685459940652827 0.27874629080118696 0.49851632047477745 0.2353486646884273 0.49851632047477745
0 0.1886127596439169 0.4035608308605341 0.23201038575667657 0.4035608308605341 0.23201038575667657 0.5192878338278932 0.1886127596439169 0.5192878338278932
0 0.12518545994065283 0.3976261127596439 0.16023738872403562 0.3976261127596439 0.16023738872403562 0.5252225519287833 0.12518545994065283 0.5252225519287833
