0 0.1346153846153846 0.2716049382716049 0.16132478632478633 0.2716049382716049 0.16132478632478633 0.34947768281101615 0.1346153846153846 0.34947768281101615
0 0.24358974358974358 0.2374169040835707 0.28311965811965817 0.2374169040835707 0.28311965811965817 0.3057929724596391 0.24358974358974358 0.3057929724596391
0 0.43482905982905984 0.13675213675213677 0.4519230769230769 0.13675213675213677 0.4519230769230769 0.1842355175688509 0.43482905982905984 0.1842355175688509
0 0.6666666666666665 0.22602089268755937 0.6858974358974359 0.22602089268755937 0.6858974358974359 0.2924976258309592 0.6666666666666665 0.2924976258309592
1 0.7126068376068376 0.2070275403608737 0.7307692307692306 0.2070275403608737 0.7307692307692306 0.258309591642925 0.7126068376068376 0.258309591642925
1 0.764957264957265 0.19753086419753085 0.7809829059829061 0.19753086419753085 0.7809829059829061 0.2602089268755935 0.764957264957265 0.2602089268755935
1 0.9252136752136753 0.2488129154795821 0.9391025641025641 0.2488129154795821 0.9391025641025641 0.3095916429249762 0.9252136752136753 0.3095916429249762
1 0.7510683760683761 0.14814814814814814 0.7702991452991453 0.14814814814814814 0.7702991452991453 0.18613485280151948 0.7510683760683761 0.18613485280151948
1 0.7061965811965812 0.1728395061728395 0.7275641025641024 0.1728395061728395 0.7275641025641024 0.21652421652421652 0.7061965811965812 0.21652421652421652
1 0.469017094017094 0.16334283000949668 0.4893162393162393 0.16334283000949668 0.4893162393162393 0.19753086419753085 0.469017094017094 0.19753086419753085
