0 0.20619658119658119 0.33618233618233617 0.2382478632478632 0.33618233618233617 0.2382478632478632 0.4102564102564103 0.20619658119658119 0.4102564102564103
0 0.46260683760683763 0.5071225071225072 0.49358974358974367 0.5071225071225072 0.49358974358974367 0.6381766381766382 0.46260683760683763 0.6381766381766382
1 0.4305555555555556 0.37986704653371317 0.47115384615384615 0.37986704653371317 0.47115384615384615 0.4710351377018044 0.4305555555555556 0.4710351377018044
1 0.6324786324786325 0.2526115859449193 0.6570512820512822 0.2526115859449193 0.6570512820512822 0.32288698955365625 0.6324786324786325 0.32288698955365625
1 0.7542735042735044 0.28679962013295346 0.7809829059829061 0.28679962013295346 0.7809829059829061 0.358974358974359 0.7542735042735044 0.358974358974359
0 0.6912393162393162 0.301994301994302 0.7158119658119657 0.301994301994302 0.7158119658119657 0.358974358974359 0.6912393162393162 0.358974358974359
1 0.673076923076923 0.2374169040835707 0.6955128205128204 0.2374169040835707 0.6955128205128204 0.2905982905982906 0.673076923076923 0.2905982905982906
1 0.8782051282051282 0.3836657169990503 0.9102564102564102 0.3836657169990503 0.9102564102564102 0.4520417853751187 0.8782051282051282 0.4520417853751187
0 0.8942307692307694 0.4634377967711301 0.9198717948717949 0.4634377967711301 0.9198717948717949 0.5527065527065527 0.8942307692307694 0.5527065527065527
1 0.9337606837606838 0.42735042735042733 0.969017094017094 0.42735042735042733 0.969017094017094 0.5223171889838555 0.9337606837606838 0.5223171889838555
