1 0.3338278931750742 0.5727002967359051 0.4005934718100891 0.5727002967359051 0.4005934718100891 0.6884272997032642 0.3338278931750742 0.6884272997032642
1 0.45066765578635015 0.6706231454005934 0.5274480712166173 0.6706231454005934 0.5274480712166173 0.795252225519288 0.45066765578635015 0.795252225519288
0 0.575853115727003 0.5608308605341247 0.6242581602373887 0.5608308605341247 0.6242581602373887 0.6795252225519289 0.575853115727003 0.6795252225519289
1 0.6359421364985164 0.4065281899109792 0.6943620178041543 0.4065281899109792 0.6943620178041543 0.5370919881305638 0.6359421364985164 0.5370919881305638
1 0.817878338278932 0.4391691394658753 0.8779673590504453 0.4391691394658753 0.8779673590504453 0.5845697329376853 0.817878338278932 0.5845697329376853
0 0.9497403560830862 0.7596439169139466 1.0 0.7596439169139466 1.0 0.9506231472117256 0.9497403560830862 0.9506231472117256
1 0.4673590504451039 0.5281899109792285 0.5157640949554896 0.5281899109792285 0.5157640949554896 0.6587537091988132 0.4673590504451039 0.6587537091988132
1 0.408939169139466 0.48071216617210677 0.4573442136498517 0.48071216617210677 0.4573442136498517 0.6350148367952523 0.408939169139466 0.6350148367952523
0 0.4489985163204747 0.44510385756676557 0.48738872403560823 0.44510385756676557 0.48738872403560823 0.5608308605341247 0.4489985163204747 0.5608308605341247
2 0.647626112759644 0.32047477744807124 0.7010385756676558 0.32047477744807124 0.7010385756676558 0.41839762611275966 0.647626112759644 0.41839762611275966
0 0.4206231454005935 0.42433234421364985 0.459013353115727 0.42433234421364985 0.459013353115727 0.5044510385756676 0.4206231454005935 0.5044510385756676
