0 0.20833333333333337 0.2431149097815765 0.24572649572649571 0.2431149097815765 0.24572649572649571 0.3399810066476734 0.20833333333333337 0.3399810066476734
0 0.05021371569053817 0.5223173830029998 0.10576922498682179 0.5223173830029998 0.10576922498682179 0.6495727358033803 0.05021371569053817 0.6495727358033803
1 0.29273504273504275 0.2374169040835707 0.3173076923076923 0.2374169040835707 0.3173076923076923 0.332383665716999 0.29273504273504275 0.332383665716999
0 0.48824786324786323 0.15384615384615385 0.5128205128205128 0.15384615384615385 0.5128205128205128 0.24691358024691354 0.48824786324786323 0.24691358024691354
0 0.5512820512820513 0.11775878442545111 0.5705128205128206 0.11775878442545111 0.5705128205128206 0.17663817663817663 0.5512820512820513 0.17663817663817663
0 0.31303418803418803 0.11775878442545111 0.33226495726495725 0.11775878442545111 0.33226495726495725 0.18043684710351376 0.31303418803418803 0.18043684710351376
1 0.3344017094017094 0.11206077872744541 0.34294871794871795 0.11206077872744541 0.34294871794871795 0.1671415004748338 0.3344017094017094 0.1671415004748338
1 0.6645299145299145 0.13105413105413105 0.6805555555555555 0.13105413105413105 0.6805555555555555 0.20132953466286801 0.6645299145299145 0.20132953466286801
1 0.7724358974358975 0.14055080721747387 0.7916666666666665 0.14055080721747387 0.7916666666666665 0.2184235517568851 0.7724358974358975 0.2184235517568851
1 0.8985042735042735 0.3190883190883191 0.9241452991452992 0.3190883190883191 0.9241452991452992 0.4387464387464387 0.8985042735042735 0.4387464387464387
1 0.8504273504273505 0.15954415954415954 0.8760683760683761 0.15954415954415954 0.8760683760683761 0.25451092117758783 0.8504273504273505 0.25451092117758783
