0 0.003205128205128205 0.47103513770180444 0.04700854700854702 0.47103513770180444 0.04700854700854702 0.6001899335232669 0.003205128205128205 0.6001899335232669
0 0.23076923076923075 0.22792022792022792 0.2574786324786324 0.22792022792022792 0.2574786324786324 0.33048433048433046 0.23076923076923075 0.33048433048433046
1 0.2884614922022665 0.201329534662868 0.3290597828005571 0.201329534662868 0.3290597828005571 0.3076923076923077 0.2884614922022665 0.3076923076923077
0 0.5042735042735043 0.15954415954415954 0.5224358974358975 0.15954415954415954 0.5224358974358975 0.22602089268755934 0.5042735042735043 0.22602089268755934
0 0.5202991452991453 0.10446343779677113 0.5384615384615384 0.10446343779677113 0.5384615384615384 0.17473884140550808 0.5202991452991453 0.17473884140550808
1 0.6378205128205128 0.12725546058879392 0.6538461538461539 0.12725546058879392 0.6538461538461539 0.18613485280151948 0.6378205128205128 0.18613485280151948
1 0.860042735042735 0.30959164292497626 0.8878205128205127 0.30959164292497626 0.8878205128205127 0.40265906932573603 0.860042735042735 0.40265906932573603
1 0.7446581196581197 0.16334283000949668 0.7788461538461539 0.16334283000949668 0.7788461538461539 0.22602089268755934 0.7446581196581197 0.22602089268755934
1 0.3547008547008547 0.1063627730294397 0.373931623931624 0.1063627730294397 0.373931623931624 0.16144349477682812 0.3547008547008547 0.16144349477682812
0 0.3386752136752137 0.11016144349477683 0.35363247863247865 0.11016144349477683 0.35363247863247865 0.1557454890788224 0.3386752136752137 0.1557454890788224
