1 0.4122774480712167 0.5519287833827893 0.45066765578635015 0.5519287833827893 0.45066765578635015 0.6913946587537091 0.4122774480712167 0.6913946587537091
1 0.3633174917595107 0.5400593471810089 0.4000385600087689 0.5400593471810089 0.4000385600087689 0.7032640949554896 0.3633174917595107 0.7032640949554896
0 0.3171364985163205 0.47774480712166173 0.3571958456973294 0.47774480712166173 0.3571958456973294 0.652818991097923 0.3171364985163205 0.652818991097923
0 0.2854228486646884 0.37091988130563797 0.32214391691394656 0.37091988130563797 0.32214391691394656 0.48961424332344206 0.2854228486646884 0.48961424332344206
2 0.013353115727002967 0.5103857566765578 0.048405044510385756 0.5103857566765578 0.048405044510385756 0.655786350148368 0.013353115727002967 0.655786350148368
0 0.5007418397626113 0.3293768545994065 0.5524851632047478 0.3293768545994065 0.5524851632047478 0.45103857566765576 0.5007418397626113 0.45103857566765576
1 0.8112017804154302 0.49851632047477745 0.859606824925816 0.49851632047477745 0.859606824925816 0.652818991097923 0.8112017804154302 0.652818991097923
0 0.6943620178041543 0.3620178041543027 0.732752225519288 0.3620178041543027 0.732752225519288 0.5044510385756676 0.6943620178041543 0.5044510385756676
0 0.4940652818991098 0.8249258160237389 0.5491468842729971 0.8249258160237389 0.5491468842729971 1.0 0.4940652818991098 1.0
1 0.3889094955489615 0.47774480712166173 0.41561572700296734 0.47774480712166173 0.41561572700296734 0.599406528189911 0.3889094955489615 0.599406528189911
1 0.9497403560830862 0.7685459940652819 1.0 0.7685459940652819 1.0 0.9476557881612806 0.9497403560830862 0.9476557881612806
