0 0.23931620462178535 0.28110055810849666 0.26602560633118705 0.28110055810849666 0.26602560633118705 0.3608726378805765 0.23931620462178535 0.3608726378805765
1 0.24252136752136752 0.3836657169990503 0.2638888888888889 0.3836657169990503 0.2638888888888889 0.4577397910731244 0.24252136752136752 0.4577397910731244
1 0.327991452991453 0.27730294396961064 0.35470085470085466 0.27730294396961064 0.35470085470085466 0.3570750237416904 0.327991452991453 0.3570750237416904
0 0.4561965811965812 0.26020892687559355 0.47649572649572647 0.26020892687559355 0.47649572649572647 0.3513770180436847 0.4561965811965812 0.3513770180436847
1 0.42521367521367526 0.2070275403608737 0.4391025641025641 0.2070275403608737 0.4391025641025641 0.2602089268755935 0.42521367521367526 0.2602089268755935
1 0.6912393162393162 0.2981956315289649 0.7190170940170939 0.2981956315289649 0.7190170940170939 0.3684710351377018 0.6912393162393162 0.3684710351377018
0 0.2670940170940171 0.26400759734093066 0.2799145299145299 0.26400759734093066 0.2799145299145299 0.332383665716999 0.2670940170940171 0.332383665716999
0 0.21901709401709402 0.2564102564102564 0.23397435897435898 0.2564102564102564 0.23397435897435898 0.3076923076923077 0.21901709401709402 0.3076923076923077
0 0.2799145299145299 0.2564102564102564 0.29594017094017094 0.2564102564102564 0.29594017094017094 0.3190883190883191 0.2799145299145299 0.3190883190883191
1 0.25747863247863245 0.21652421652421652 0.27564102564102566 0.21652421652421652 0.27564102564102566 0.2564102564102564 0.25747863247863245 0.2564102564102564
0 0.3194444444444444 0.2222222222222222 0.33974358974358976 0.2222222222222222 0.33974358974358976 0.2678062678062679 0.3194444444444444 0.2678062678062679
