0 0.16025641025641024 0.2564102564102564 0.1837606837606838 0.2564102564102564 0.1837606837606838 0.3380816714150047 0.16025641025641024 0.3380816714150047
0 0.23290598290598288 0.15954415954415954 0.2574786324786324 0.15954415954415954 0.2574786324786324 0.19943019943019946 0.23290598290598288 0.19943019943019946
1 0.27136752136752135 0.12535612535612536 0.29273504273504275 0.12535612535612536 0.29273504273504275 0.18613485280151948 0.27136752136752135 0.18613485280151948
0 0.3012820223700063 0.17853757654389324 0.31410253519051906 0.17853757654389324 0.31410253519051906 0.26590699724664724 0.3012820223700063 0.26590699724664724
0 0.3568376068376068 0.24501424501424504 0.3803418803418804 0.24501424501424504 0.3803418803418804 0.30199430199430205 0.3568376068376068 0.30199430199430205
1 0.3771367521367522 0.16524216524216523 0.40491452991453 0.16524216524216523 0.40491452991453 0.23361823361823364 0.3771367521367522 0.23361823361823364
1 0.4294871794871795 0.18803418803418803 0.4444444444444445 0.18803418803418803 0.4444444444444445 0.24501424501424499 0.4294871794871795 0.24501424501424499
0 0.49893160658439695 0.17094025717090167 0.5170939997467902 0.17094025717090167 0.5170939997467902 0.23741699031430147 0.49893160658439695 0.23741699031430147
1 0.6282051282051282 0.2943969610636277 0.6517094017094017 0.2943969610636277 0.6517094017094017 0.37226970560303896 0.6282051282051282 0.37226970560303896
1 0.6517094017094017 0.2070275403608737 0.6709401709401709 0.2070275403608737 0.6709401709401709 0.28300094966761635 0.6517094017094017 0.28300094966761635
