0 0.3076923076923077 0.26400759734093066 0.3311965811965812 0.26400759734093066 0.3311965811965812 0.32288698955365625 0.3076923076923077 0.32288698955365625
1 0.4561965811965812 0.358974358974359 0.47756410256410253 0.358974358974359 0.47756410256410253 0.4539411206077873 0.4561965811965812 0.4539411206077873
0 0.49572649572649574 0.2962962962962963 0.5192307692307693 0.2962962962962963 0.5192307692307693 0.38746438746438744 0.49572649572649574 0.38746438746438744
0 0.5993589743589743 0.35707502374169037 0.6292735042735043 0.35707502374169037 0.6292735042735043 0.4387464387464387 0.5993589743589743 0.4387464387464387
0 0.6420940170940171 0.45584045584045585 0.6645299145299145 0.45584045584045585 0.6645299145299145 0.5698005698005698 0.6420940170940171 0.5698005698005698
1 0.6987179082410858 0.33428304406503295 0.7211538056769832 0.33428304406503295 0.7211538056769832 0.4140551238371127 0.6987179082410858 0.4140551238371127
1 0.7115384615384616 0.258309591642925 0.7329059829059827 0.258309591642925 0.7329059829059827 0.3342830009496676 0.7115384615384616 0.3342830009496676
1 0.7884615384615384 0.36657169990503324 0.8247863247863249 0.36657169990503324 0.8247863247863249 0.4539411206077873 0.7884615384615384 0.4539411206077873
1 0.9123931623931624 0.35707502374169037 0.9326923076923078 0.35707502374169037 0.9326923076923078 0.41785375118708445 0.9123931623931624 0.41785375118708445
0 0.9177350427350427 0.419753086419753 0.9519230769230769 0.419753086419753 0.9519230769230769 0.4881291547958215 0.9177350427350427 0.4881291547958215
1 0.7852564102564102 0.22602089268755937 0.8066239316239316 0.22602089268755937 0.8066239316239316 0.2849002849002849 0.7852564102564102 0.2849002849002849
