0 0.266025641025641 0.5432098765432098 0.3108974358974359 0.5432098765432098 0.3108974358974359 0.6761633428300095 0.266025641025641 0.6761633428300095
0 0.35256410256410253 0.2716049382716049 0.3771367521367522 0.2716049382716049 0.3771367521367522 0.3418803418803419 0.35256410256410253 0.3418803418803419
0 0.5470085470085471 0.2621082621082621 0.5715811965811965 0.2621082621082621 0.5715811965811965 0.3285849952516619 0.5470085470085471 0.3285849952516619
0 0.5865384615384616 0.3912630579297246 0.6335470085470085 0.3912630579297246 0.6335470085470085 0.49002849002848997 0.5865384615384616 0.49002849002848997
0 0.6602564102564102 0.4235517568850902 0.688034188034188 0.4235517568850902 0.688034188034188 0.5356125356125357 0.6602564102564102 0.5356125356125357
1 0.7307692307692306 0.6172839506172839 0.7735042735042735 0.6172839506172839 0.7735042735042735 0.7331433998100665 0.7307692307692306 0.7331433998100665
1 0.8568376068376068 0.3741690408357075 0.8899572649572648 0.3741690408357075 0.8899572649572648 0.4539411206077873 0.8568376068376068 0.4539411206077873
1 0.7083333333333335 0.18043684710351374 0.7286324786324787 0.18043684710351374 0.7286324786324787 0.24311490978157643 0.7083333333333335 0.24311490978157643
1 0.3824786035665875 0.4615384399807788 0.4113247978896043 0.4615384399807788 0.4113247978896043 0.5603038720795442 0.3824786035665875 0.5603038720795442
1 0.7713675213675214 0.7635327635327636 0.8194444444444445 0.7635327635327636 0.8194444444444445 0.8869895536562203 0.7713675213675214 0.8869895536562203
