1 0.469018348799845 0.22222047604992543 0.500001254782751 0.22222047604992543 0.500001254782751 0.2867978739606567 0.469018348799845 0.2867978739606567
0 0.36324786324786323 0.24501424501424504 0.3856837606837607 0.24501424501424504 0.3856837606837607 0.2924976258309592 0.36324786324786323 0.2924976258309592
0 0.28525641025641024 0.3057929724596391 0.31303418803418803 0.3057929724596391 0.31303418803418803 0.3741690408357075 0.28525641025641024 0.3741690408357075
0 0.2361111111111111 0.3684710351377018 0.266025641025641 0.3684710351377018 0.266025641025641 0.45584045584045585 0.2361111111111111 0.45584045584045585
1 0.6538461538461539 0.21652421652421652 0.6698717948717949 0.21652421652421652 0.6698717948717949 0.27730294396961064 0.6538461538461539 0.27730294396961064
1 0.6933760683760685 0.258309591642925 0.717948717948718 0.258309591642925 0.717948717948718 0.30959164292497626 0.6933760683760685 0.30959164292497626
1 0.780982905982906 0.22981956315289648 0.7991452991452992 0.22981956315289648 0.7991452991452992 0.2905982905982907 0.780982905982906 0.2905982905982907
1 0.7532051282051282 0.1956315289648623 0.7756410256410258 0.1956315289648623 0.7756410256410258 0.26590693257359926 0.7532051282051282 0.26590693257359926
0 0.8493589743589743 0.3608736942070275 0.8835470085470085 0.3608736942070275 0.8835470085470085 0.4254510921177587 0.8493589743589743 0.4254510921177587
1 0.9220087840873156 0.3380796449928332 0.943376305454837 0.3380796449928332 0.943376305454837 0.4406437475569357 0.9220087840873156 0.4406437475569357
