0 0.358974358974359 0.5261158594491928 0.4038461538461539 0.5261158594491928 0.4038461538461539 0.6096866096866097 0.358974358974359 0.6096866096866097
0 0.358974358974359 0.3190883190883191 0.3771367521367522 0.3190883190883191 0.3771367521367522 0.3931623931623932 0.358974358974359 0.3931623931623932
0 0.45085470085470086 0.2962962962962963 0.46794871794871795 0.2962962962962963 0.46794871794871795 0.3665716999050333 0.45085470085470086 0.3665716999050333
1 0.48717948717948717 0.2678062678062678 0.5 0.2678062678062678 0.5 0.33998100664767333 0.48717948717948717 0.33998100664767333
0 0.41666666666666674 0.21652421652421652 0.4316239316239317 0.21652421652421652 0.4316239316239317 0.2621082621082621 0.41666666666666674 0.2621082621082621
1 0.716880341880342 0.26400759734093066 0.7425213675213675 0.26400759734093066 0.7425213675213675 0.33048433048433046 0.716880341880342 0.33048433048433046
1 0.766025641025641 0.36657169990503324 0.7948717948717949 0.36657169990503324 0.7948717948717949 0.4368471035137702 0.766025641025641 0.4368471035137702
1 0.7628205128205127 0.2374169040835707 0.780982905982906 0.2374169040835707 0.780982905982906 0.3057929724596391 0.7628205128205127 0.3057929724596391
1 0.8920940170940171 0.2526115859449193 0.9241452991452992 0.2526115859449193 0.9241452991452992 0.31339031339031337 0.8920940170940171 0.31339031339031337
0 0.9508547008547008 0.5413105413105413 0.9850427350427352 0.5413105413105413 0.9850427350427352 0.6533713200379867 0.9508547008547008 0.6533713200379867
