1 0.2361111111111111 0.43304843304843305 0.26495726495726496 0.43304843304843305 0.26495726495726496 0.5375118708452041 0.2361111111111111 0.5375118708452041
1 0.3397436244380436 0.3247864972477862 0.36965815435257354 0.3247864972477862 0.36965815435257354 0.41975325888121456 0.3397436244380436 0.41975325888121456
0 0.5053418803418803 0.2905982905982906 0.5373931623931623 0.2905982905982906 0.5373931623931623 0.37606837606837606 0.5053418803418803 0.37606837606837606
1 0.6816239316239315 0.28679962013295346 0.7061965811965811 0.28679962013295346 0.7061965811965811 0.3570750237416904 0.6816239316239315 0.3570750237416904
1 0.4166666377546217 0.20132955622055068 0.4348290309170149 0.20132955622055068 0.4348290309170149 0.2545109427352705 0.4166666377546217 0.2545109427352705
0 0.3076923076923077 0.20512820512820512 0.3237179487179488 0.20512820512820512 0.3237179487179488 0.2526115859449193 0.3076923076923077 0.2526115859449193
0 0.26816239316239315 0.2431149097815765 0.28632478632478625 0.2431149097815765 0.28632478632478625 0.32288698955365625 0.26816239316239315 0.32288698955365625
0 0.24252136752136752 0.24501424501424504 0.26495726495726496 0.24501424501424504 0.26495726495726496 0.345679012345679 0.24252136752136752 0.345679012345679
0 0.2168803418803419 0.3057929724596391 0.23931623931623933 0.3057929724596391 0.23931623931623933 0.41025641025641024 0.2168803418803419 0.41025641025641024
0 0.20833333333333337 0.2526115859449193 0.22756410256410256 0.2526115859449193 0.22756410256410256 0.31718898385565053 0.20833333333333337 0.31718898385565053
1 0.26282051282051283 0.19183285849952514 0.2799145299145299 0.19183285849952514 0.2799145299145299 0.2393162393162393 0.26282051282051283 0.2393162393162393
