0 0.30545252225519287 0.2997032640949555 0.35385756676557867 0.2997032640949555 0.35385756676557867 0.47181008902077154 0.30545252225519287 0.47181008902077154
0 0.5374629080118695 0.38278931750741835 0.6075667655786351 0.38278931750741835 0.6075667655786351 0.5370919881305638 0.5374629080118695 0.5370919881305638
0 0.6459569732937687 0.2997032640949555 0.6993694362017806 0.2997032640949555 0.6993694362017806 0.456973293768546 0.6459569732937687 0.456973293768546
0 0.7978486646884274 0.26706231454005935 0.8429154302670625 0.26706231454005935 0.8429154302670625 0.4035608308605341 0.7978486646884274 0.4035608308605341
0 0.6559718100890208 0.5816023738872403 0.7060459940652819 0.5816023738872403 0.7060459940652819 0.7507418397626114 0.6559718100890208 0.7507418397626114
2 0.7711424332344214 0.7181008902077152 0.8245548961424334 0.7181008902077152 0.8245548961424334 0.9258160237388724 0.7711424332344214 0.9258160237388724
1 0.4807121661721069 0.6023738872403561 0.5324554896142435 0.6023738872403561 0.5324554896142435 0.712166172106825 0.4807121661721069 0.712166172106825
1 0.5191023738872403 0.5578635014836796 0.5608308605341247 0.5578635014836796 0.5608308605341247 0.6765578635014837 0.5191023738872403 0.6765578635014837
1 0.4172848664688428 0.5311572700296736 0.46235163204747776 0.5311572700296736 0.46235163204747776 0.6646884272997032 0.4172848664688428 0.6646884272997032
1 0.3772255192878338 0.5637982195845698 0.41561572700296734 0.5637982195845698 0.41561572700296734 0.712166172106825 0.3772255192878338 0.712166172106825
1 0.34718100890207715 0.5608308605341247 0.3788946587537092 0.5608308605341247 0.3788946587537092 0.685459940652819 0.34718100890207715 0.685459940652819
2 0.025037091988130568 0.47774480712166173 0.08011869436201782 0.47774480712166173 0.08011869436201782 0.6320474777448071 0.025037091988130568 0.6320474777448071
