0 0.32478632478632474 0.2924976258309592 0.36004273504273504 0.2924976258309592 0.36004273504273504 0.36847103513770174 0.32478632478632474 0.36847103513770174
1 0.48824786324786323 0.3057929724596391 0.5213675213675215 0.3057929724596391 0.5213675213675215 0.37226970560303896 0.48824786324786323 0.37226970560303896
1 0.8344017094017094 0.26970560303893637 0.8493589743589743 0.26970560303893637 0.8493589743589743 0.33618233618233617 0.8344017094017094 0.33618233618233617
0 0.327991452991453 0.21462488129154797 0.3525641025641025 0.21462488129154797 0.3525641025641025 0.27350427350427353 0.327991452991453 0.27350427350427353
0 0.23290598290598288 0.2488129154795821 0.26175213675213677 0.2488129154795821 0.26175213675213677 0.30769230769230765 0.23290598290598288 0.30769230769230765
0 0.37820512820512825 0.18993352326685659 0.3910256410256411 0.18993352326685659 0.3910256410256411 0.2488129154795821 0.37820512820512825 0.2488129154795821
1 0.39850427350427353 0.19753086419753085 0.4230769230769231 0.19753086419753085 0.4230769230769231 0.2564102564102564 0.39850427350427353 0.2564102564102564
0 0.4465811965811966 0.19373219373219372 0.4658119658119658 0.19373219373219372 0.4658119658119658 0.23931623931623935 0.4465811965811966 0.23931623931623935
0 0.42414529914529914 0.16904083570750233 0.4465811965811966 0.16904083570750233 0.4465811965811966 0.2279202279202279 0.42414529914529914 0.2279202279202279
1 0.3568376068376068 0.17663817663817663 0.375 0.17663817663817663 0.375 0.22981956315289645 0.3568376068376068 0.22981956315289645
