0 0.33760683760683763 0.5413105413105413 0.37179487179487186 0.5413105413105413 0.37179487179487186 0.6761633428300095 0.33760683760683763 0.6761633428300095
0 0.3952991452991453 0.35707502374169037 0.44017094017094016 0.35707502374169037 0.44017094017094016 0.4786324786324786 0.3952991452991453 0.4786324786324786
0 0.5865384615384616 0.22032288698955366 0.6153846153846154 0.22032288698955366 0.6153846153846154 0.2526115859449193 0.5865384615384616 0.2526115859449193
0 0.6517093670149475 0.4520418931635321 0.688034153339734 0.4520418931635321 0.688034153339734 0.5811966889849948 0.6517093670149475 0.5811966889849948
1 0.49465811965811973 0.603988603988604 0.5566239316239318 0.603988603988604 0.5566239316239318 0.7027540360873693 0.49465811965811973 0.7027540360873693
0 0.2980769230769231 0.26020892687559355 0.3269230769230769 0.26020892687559355 0.3269230769230769 0.35327635327635326 0.2980769230769231 0.35327635327635326
1 0.39743589743589747 0.24691358024691354 0.44017094017094016 0.24691358024691354 0.44017094017094016 0.33048433048433046 0.39743589743589747 0.33048433048433046
1 0.7905982905982906 0.21082621082621084 0.814102564102564 0.21082621082621084 0.814102564102564 0.28679962013295346 0.7905982905982906 0.28679962013295346
1 0.9647435897435898 0.4881291547958215 1.0 0.4881291547958215 1.0 0.6514719848053182 0.9647435897435898 0.6514719848053182
1 0.5876068376068376 0.2792022792022792 0.6175213675213675 0.2792022792022792 0.6175213675213675 0.3437796771130105 0.5876068376068376 0.3437796771130105
