0 0.28739316239316237 0.28679962013295346 0.3386752136752137 0.28679962013295346 0.3386752136752137 0.33618233618233617 0.28739316239316237 0.33618233618233617
0 0.48611111111111105 0.32668566001899335 0.5064102564102563 0.32668566001899335 0.5064102564102563 0.41025641025641024 0.48611111111111105 0.41025641025641024
0 0.5128205128205128 0.5090218423551757 0.5373931623931624 0.5090218423551757 0.5373931623931624 0.6495726495726496 0.5128205128205128 0.6495726495726496
1 0.6944444444444444 0.42735042735042733 0.7307692307692306 0.42735042735042733 0.7307692307692306 0.5261158594491928 0.6944444444444444 0.5261158594491928
0 0.7799145299145299 0.42924976258309594 0.8333333333333335 0.42924976258309594 0.8333333333333335 0.49952516619183285 0.7799145299145299 0.49952516619183285
1 0.9497863247863247 0.402659069325736 0.9925213675213674 0.402659069325736 0.9925213675213674 0.5071225071225072 0.9497863247863247 0.5071225071225072
1 0.8717948717948718 0.1956315289648623 0.908119658119658 0.1956315289648623 0.908119658119658 0.2943969610636277 0.8717948717948718 0.2943969610636277
1 0.6987179487179486 0.2127255460588794 0.7190170940170939 0.2127255460588794 0.7190170940170939 0.2905982905982906 0.6987179487179486 0.2905982905982906
1 0.6260683760683761 0.27730294396961064 0.6645299145299145 0.27730294396961064 0.6645299145299145 0.3418803418803419 0.6260683760683761 0.3418803418803419
0 0.5811965811965812 0.21082621082621084 0.6111111111111112 0.21082621082621084 0.6111111111111112 0.28300094966761635 0.5811965811965812 0.28300094966761635
1 0.43803418803418803 0.27350427350427353 0.4722222222222222 0.27350427350427353 0.4722222222222222 0.3342830009496676 0.43803418803418803 0.3342830009496676
