0 0.13995726495726496 0.5223171889838556 0.17628205128205127 0.5223171889838556 0.17628205128205127 0.6723646723646723 0.13995726495726496 0.6723646723646723
0 0.20833333333333337 0.2792022792022792 0.24786324786324787 0.2792022792022792 0.24786324786324787 0.4007597340930674 0.20833333333333337 0.4007597340930674
1 0.28739316239316237 0.26020892687559355 0.3258547008547008 0.26020892687559355 0.3258547008547008 0.37226970560303896 0.28739316239316237 0.37226970560303896
0 0.29914529914529914 0.13105413105413105 0.3205128205128205 0.13105413105413105 0.3205128205128205 0.20892687559354228 0.29914529914529914 0.20892687559354228
1 0.327991452991453 0.12725546058879392 0.34294871794871795 0.12725546058879392 0.34294871794871795 0.18613485280151948 0.327991452991453 0.18613485280151948
0 0.47115384615384615 0.17094017094017094 0.4957264957264958 0.17094017094017094 0.4957264957264958 0.24501424501424504 0.47115384615384615 0.24501424501424504
0 0.5908119658119658 0.12155745489078824 0.6068376068376068 0.12155745489078824 0.6068376068376068 0.1956315289648623 0.5908119658119658 0.1956315289648623
1 0.6826923076923077 0.1462488129154796 0.7061965811965811 0.1462488129154796 0.7061965811965811 0.2165242165242165 0.6826923076923077 0.2165242165242165
1 0.9391025641025641 0.35517568850902187 0.9743589743589743 0.35517568850902187 0.9743589743589743 0.4558404558404558 0.9391025641025641 0.4558404558404558
1 0.8931623931623932 0.18993352326685659 0.9134615384615384 0.18993352326685659 0.9134615384615384 0.26210826210826205 0.8931623931623932 0.26210826210826205
