0 0.2606837606837607 0.5264180264180265 0.313034188034188 0.5264180264180265 0.313034188034188 0.7536907536907538 0.2606837606837607 0.7536907536907538
0 0.5064102564102564 0.6643356643356644 0.5576923076923077 0.6643356643356644 0.5576923076923077 0.8449883449883451 0.5064102564102564 0.8449883449883451
0 0.4786324786324786 0.43900543900543904 0.5405982905982906 0.43900543900543904 0.5405982905982906 0.5400155400155401 0.4786324786324786 0.5400155400155401
0 0.5865384615384616 0.35159285159285164 0.6623931623931625 0.35159285159285164 0.6623931623931625 0.5167055167055168 0.5865384615384616 0.5167055167055168
0 0.6431623931623932 0.2486402486402487 0.6912393162393162 0.2486402486402487 0.6912393162393162 0.3671328671328672 0.6431623931623932 0.3671328671328672
0 0.7852564102564102 0.35742035742035744 0.8258547008547008 0.35742035742035744 0.8258547008547008 0.5205905205905207 0.7852564102564102 0.5205905205905207
0 0.8803418803418804 0.16899766899766902 0.9305555555555557 0.16899766899766902 0.9305555555555557 0.30497280497280504 0.8803418803418804 0.30497280497280504
0 0.04807692307692309 0.32245532245532244 0.10042735042735043 0.32245532245532244 0.10042735042735043 0.473970473970474 0.04807692307692309 0.473970473970474
1 0.5555555555555556 0.8100233100233101 0.59508547008547 0.8100233100233101 0.59508547008547 1.0 0.5555555555555556 1.0
1 0.33760683760683763 0.8721833721833723 0.39529914529914534 0.8721833721833723 0.39529914529914534 0.9906759906759909 0.33760683760683763 0.9906759906759909
