0 0.11217948717948718 0.23551756885090222 0.13782051282051283 0.23551756885090222 0.13782051282051283 0.315289648622982 0.11217948717948718 0.315289648622982
0 0.26282051282051283 0.2374169040835707 0.28952991452991456 0.2374169040835707 0.28952991452991456 0.32858499525166185 0.26282051282051283 0.32858499525166185
0 0.373931623931624 0.288698955365622 0.3985042735042736 0.288698955365622 0.3985042735042736 0.3836657169990503 0.373931623931624 0.3836657169990503
0 0.35363247863247865 0.18613485280151948 0.3771367521367522 0.18613485280151948 0.3771367521367522 0.2716049382716049 0.35363247863247865 0.2716049382716049
1 0.375 0.157644824311491 0.3920940170940171 0.157644824311491 0.3920940170940171 0.2241215574548908 0.375 0.2241215574548908
0 0.2745726495726496 0.15384615384615385 0.29594017094017094 0.15384615384615385 0.29594017094017094 0.201329534662868 0.2745726495726496 0.201329534662868
1 0.2948717948717949 0.14055080721747387 0.3162393162393162 0.14055080721747387 0.3162393162393162 0.19373219373219372 0.2948717948717949 0.19373219373219372
1 0.5534188034188035 0.3931623931623932 0.5811965811965811 0.3931623931623932 0.5811965811965811 0.5052231718898386 0.5534188034188035 0.5052231718898386
1 0.6335470085470085 0.21652421652421652 0.658119658119658 0.21652421652421652 0.658119658119658 0.30009496676163344 0.6335470085470085 0.30009496676163344
1 0.561965811965812 0.18613485280151948 0.5811965811965811 0.18613485280151948 0.5811965811965811 0.23551756885090222 0.561965811965812 0.23551756885090222
0 0.5181623931623932 0.17473884140550808 0.5427350427350427 0.17473884140550808 0.5427350427350427 0.2355175688509022 0.5181623931623932 0.2355175688509022
