0 0.08333333333333331 0.5477855477855479 0.14636752136752137 0.5477855477855479 0.14636752136752137 0.7672882672882673 0.08333333333333331 0.7672882672882673
1 0.20726495726495728 0.1728826728826729 0.25747863247863245 0.1728826728826729 0.25747863247863245 0.3710178710178711 0.20726495726495728 0.3710178710178711
1 0.019230769230769232 0.1495726495726496 0.056623931623931624 0.1495726495726496 0.056623931623931624 0.31274281274281274 0.019230769230769232 0.31274281274281274
1 0.5202991452991453 0.20396270396270397 0.563034188034188 0.20396270396270397 0.563034188034188 0.33993783993784005 0.5202991452991453 0.33993783993784005
1 0.5694444444444444 0.6837606837606838 0.6036324786324786 0.6837606837606838 0.6036324786324786 0.9265734265734267 0.5694444444444444 0.9265734265734267
0 0.6474358974358975 0.6390831390831392 0.7029914529914529 0.6390831390831392 0.7029914529914529 0.8061383061383061 0.6474358974358975 0.8061383061383061
2 0.6840388403120694 0.48125058401699616 0.7137519819859445 0.46528888657688533 0.7452145361985162 0.6589034838887813 0.7155013945246411 0.6748651813288921
1 0.7649572649572649 0.3768453768453769 0.811965811965812 0.3768453768453769 0.811965811965812 0.5380730380730381 0.7649572649572649 0.5380730380730381
2 0.8504273504273506 0.3321675743223526 0.8771367521367524 0.3321675743223526 0.8771367521367524 0.4584302005849789 0.8504273504273506 0.4584302005849789
1 0.49252136752136755 0.15151515151515152 0.5267094017094017 0.15151515151515152 0.5267094017094017 0.30691530691530694 0.49252136752136755 0.30691530691530694
