0 0.28525641025641024 0.49952516619183285 0.3173076923076923 0.49952516619183285 0.3173076923076923 0.6134852801519468 0.28525641025641024 0.6134852801519468
0 0.34615384615384615 0.2716049382716049 0.3675213675213676 0.2716049382716049 0.3675213675213676 0.3418803418803419 0.34615384615384615 0.3418803418803419
1 0.32585470085470086 0.48243114909781576 0.3547008547008547 0.48243114909781576 0.3547008547008547 0.5527065527065527 0.32585470085470086 0.5527065527065527
0 0.5512820512820513 0.4425451092117758 0.5790598290598291 0.4425451092117758 0.5790598290598291 0.5261158594491928 0.5512820512820513 0.5261158594491928
0 0.6303418976891078 0.40075990655452903 0.6709401882873983 0.40075990655452903 0.6709401882873983 0.5052232581205692 0.6303418976891078 0.5052232581205692
0 0.5641025641025641 0.2754036087369421 0.5908119658119658 0.2754036087369421 0.5908119658119658 0.3285849952516619 0.5641025641025641 0.3285849952516619
1 0.655982905982906 0.20322886989553657 0.672008547008547 0.20322886989553657 0.672008547008547 0.2431149097815765 0.655982905982906 0.2431149097815765
1 0.8162393162393162 0.35707502374169037 0.8376068376068376 0.35707502374169037 0.8376068376068376 0.44064577397910726 0.8162393162393162 0.44064577397910726
1 0.673076923076923 0.5432098765432098 0.7136752136752135 0.5432098765432098 0.7136752136752135 0.630579297245964 0.673076923076923 0.630579297245964
1 0.780982905982906 0.6875593542260209 0.8226495726495725 0.6875593542260209 0.8226495726495725 0.8167141500474833 0.780982905982906 0.8167141500474833
