0 0.2350426945658721 0.31908831908831903 0.2585470085470086 0.31908831908831903 0.2585470085470086 0.41975308641975295 0.2350426945658721 0.41975308641975295
0 0.32158119658119666 0.19373219373219366 0.3376068723012916 0.19373219373219366 0.3376068723012916 0.26780635403699854 0.32158119658119666 0.26780635403699854
0 0.23824786324786323 0.21082621082621084 0.26175213675213677 0.21082621082621084 0.26175213675213677 0.30009496676163344 0.23824786324786323 0.30009496676163344
1 0.35149572649572647 0.16334283000949668 0.3675213675213676 0.16334283000949668 0.3675213675213676 0.2222222222222222 0.35149572649572647 0.2222222222222222
1 0.44017114255525486 0.15194684017116797 0.45406003144414375 0.15194684017116797 0.45406003144414375 0.19183288005720783 0.44017114255525486 0.19183288005720783
0 0.40384615384615385 0.144349477682811 0.42094017094017094 0.144349477682811 0.42094017094017094 0.1937321937321937 0.40384615384615385 0.1937321937321937
0 0.4230769230769231 0.14245014245014245 0.4337606837606838 0.14245014245014245 0.4337606837606838 0.19183285849952514 0.4230769230769231 0.19183285849952514
1 0.4754273504273504 0.16144349477682812 0.49679487179487186 0.16144349477682812 0.49679487179487186 0.20512820512820512 0.4754273504273504 0.20512820512820512
0 0.5096153846153846 0.157644824311491 0.5256410256410257 0.157644824311491 0.5256410256410257 0.2184235517568851 0.5096153846153846 0.2184235517568851
1 0.622863247863248 0.2526115859449193 0.6485042735042736 0.2526115859449193 0.6485042735042736 0.32858499525166185 0.622863247863248 0.32858499525166185
1 0.8568376068376068 0.2488129154795821 0.8782051282051282 0.2488129154795821 0.8782051282051282 0.32288698955365625 0.8568376068376068 0.32288698955365625
